,P8R2_SOURCE_V6,P8R2_ULTRACLEANVETO_V6,altitude_km,energy_gev,nadir,phi_earth,phi_lat,rocking_angle,shifted_nadir,shifted_zenith,theta_lat,time,zenith
0,True,True,542.7313181556357,12.38174609375,146.72863388061523,314.1677551269531,350.9858703613281,34.99945068359375,146.57526469369915,33.42473530630085,13.25203800201416,265772348.22980294,33.271366119384766
1,True,True,547.8068775316555,23.698546875,131.02872848510742,266.1921691894531,10.758416175842285,34.99928283691406,130.98245360102536,49.017546398974645,50.72121810913086,265772668.01198646,48.97127151489258
2,True,True,549.9429923251782,10.741615234375,103.76473236083984,330.0357666015625,290.9908752441406,34.99909210205078,103.76352949890111,76.23647050109889,43.09249496459961,265772789.42238274,76.23526763916016
3,True,False,552.0687063807932,11.720173828125,174.52262258529663,156.07225036621094,94.11280059814453,34.99850082397461,174.56627228993136,5.433727710068633,40.391845703125,265772916.33227926,5.477377414703369
4,True,True,553.0904184864407,11.53949609375,130.49671173095703,323.1246032714844,338.8612365722656,34.99776840209961,130.56191956102094,49.43808043897907,23.705551147460938,265772988.65465128,49.50328826904297
5,True,True,559.6157678396312,24.4719765625,94.5066146850586,178.92449951171875,114.57615661621094,-35.43232345581055,94.70950738647481,85.29049261352519,50.97355270385742,265773598.46234012,85.4933853149414
6,True,True,559.9039531123944,56.3681171875,91.72895050048828,183.4134979248047,108.50202941894531,-35.001644134521484,91.9379239111598,88.0620760888402,54.11341857910156,265773796.82740396,88.27104949951172
7,True,True,559.8253335778612,12.02309375,99.68563079833984,179.07086181640625,114.95660400390625,-35.00289535522461,99.89294533683271,80.10705466316729,47.75104522705078,265773942.09132603,80.31436920166016
8,True,True,559.7479734565575,18.63269140625,118.52235412597656,118.46647644042969,187.55137634277344,-35.002105712890625,118.72803636590993,61.27196363409008,61.706233978271484,265773998.82505694,61.47764587402344
9,True,True,559.6145856384111,21.80613671875,112.86273193359375,149.19064331054688,154.96517944335938,-35.00218200683594,113.06559969056423,66.93440030943577,49.57548904418945,265774081.9403795,67.13726806640625
10,True,True,559.5168047144298,15.4217353515625,117.49224853515625,147.52630615234375,158.67819213867188,-35.00265121459961,117.69305311463071,62.30694688536928,47.342166900634766,265774141.5780859,62.50775146484375
11,True,True,559.5168047144298,15.9031982421875,112.138916015625,133.6050262451172,166.41610717773438,-35.00265121459961,112.33972059509946,67.66027940490054,59.51757049560547,265774154.74607262,67.861083984375
12,True,True,559.4250831132632,188.302734375,116.4525032043457,163.38121032714844,139.43649291992188,-35.00239944458008,116.65137245803555,63.34862754196444,40.17164611816406,265774201.70903543,63.5474967956543
13,True,True,559.224336054326,21.814404296875,177.22586178779602,35.19253158569336,246.1021270751953,-35.00282669067383,177.4204952785423,2.5795047214577,37.702816009521484,265774398.14059395,2.7741382122039795
14,True,False,559.205146894574,10.7911533203125,144.9099235534668,159.2698211669922,172.24813842773438,-35.002803802490234,145.1041521529423,34.895847847057695,25.684125900268555,265774441.67609015,35.0900764465332
15,True,True,562.929380891197,13.68464453125,131.8746223449707,261.3866271972656,161.67425537109375,-34.998863220214844,132.14743228177497,47.85256771822504,47.185970306396484,265775813.75630033,48.1253776550293
16,True,True,562.7354146841044,20.5971484375,127.87359237670898,264.61138916015625,159.42430114746094,-34.99876022338867,128.14230962654358,51.857690373456414,52.85331726074219,265775885.6429445,52.126407623291016
17,True,False,551.7988513608358,21.9927890625,135.52762985229492,245.5882568359375,121.72539520263672,-34.996707916259766,135.56558561600855,44.434414383991445,49.787654876708984,265776705.24715814,44.47237014770508
18,True,True,551.7988513608358,20.155244140625,102.21347045898438,107.89546966552734,304.7627868652344,-34.996707916259766,102.25142622269802,77.74857377730198,61.02033615112305,265776711.93470377,77.78652954101562
19,True,False,544.0834048165528,21.602423828125,150.81452178955078,186.8080596923828,94.66926574707031,-35.00827407836914,150.68968163118004,29.310318368819953,16.71449851989746,265777122.6475687,29.18547821044922
20,True,True,540.3405712443823,45.8501953125,142.92350006103516,140.2898712158203,276.53875732421875,-35.006038665771484,142.71968611429162,37.280313885708374,8.514286994934082,265777483.5123098,37.076499938964844
21,True,True,540.458892355489,61.3536875,122.46366882324219,137.54510498046875,205.92636108398438,-35.00168991088867,122.262351451943,57.737648548056995,25.795576095581055,265777844.62137428,57.53633117675781
22,True,False,546.1955226757273,10.58887890625,116.49707412719727,140.56626892089844,177.44142150878906,-34.99615478515625,116.41679965565511,63.58320034434489,32.5576057434082,265778324.53606805,63.502925872802734
23,True,True,549.3227281468277,34.12921875,142.59098434448242,189.2886505126953,42.130455017089844,-34.99333190917969,142.5766939083805,37.423306091619516,14.05361557006836,265778493.27403873,37.40901565551758
24,True,True,554.8789986054297,13.0623154296875,105.92961883544922,211.8416748046875,67.03360748291016,-34.99885177612305,106.03256570602379,73.96743429397621,48.165435791015625,265778841.91930556,74.07038116455078
25,True,False,559.6828280784615,15.143525390625,116.66191864013672,340.40570068359375,352.4700622558594,35.00648498535156,116.86622631259226,63.133773687407746,36.936431884765625,265779463.63792658,63.33808135986328
26,True,True,559.669445348987,69.299796875,92.84939575195312,46.026939392089844,274.0950622558594,34.99733352661133,93.05342104881674,86.94657895118326,56.78205108642578,265779687.14561394,87.15060424804688
27,True,True,559.1679450707007,26.47341015625,135.4875831604004,150.9872589111328,195.5494384765625,35.00400924682617,135.6810268013922,44.31897319860782,69.6039047241211,265780249.7948262,44.51241683959961
28,True,True,559.2763398074248,22.994740234375,142.71879959106445,47.06840133666992,257.3729248046875,35.0038948059082,142.9145303610011,37.08546963899888,12.779007911682129,265780370.53873345,37.28120040893555
29,True,True,549.4049498283536,21.939244140625,136.89215469360352,279.51226806640625,13.308956146240234,34.99882888793945,136.8795991349818,43.120400865018226,41.00664138793945,265784234.10021204,43.107845306396484
30,True,True,556.7983382742121,14.353287109375,148.27421760559082,355.697021484375,71.01832580566406,34.997745513916016,148.4176625431767,31.582337456823304,3.969860553741455,265784720.2946708,31.72578239440918
31,True,True,559.4209245956089,11.5394560546875,87.99040985107422,212.13038635253906,74.55464172363281,-35.005611419677734,88.18919136004156,91.81080863995844,59.35034942626953,265785159.30678588,92.00959014892578
32,True,False,559.1180960822442,36.88566015625,119.45741653442383,252.4868621826172,347.8990783691406,-34.99982452392578,119.64980836175917,60.35019163824082,42.203834533691406,265785939.77134702,60.54258346557617
33,True,True,548.6945718267187,14.2207548828125,102.43598175048828,138.16110229492188,261.3491516113281,-34.99715805053711,102.40843721603204,77.59156278396796,46.04631805419922,265788340.3849485,77.56401824951172
34,True,True,546.4382865038482,11.3043359375,101.7276611328125,134.041259765625,257.9077453613281,-35.00138473510742,101.6525089780437,78.3474910219563,47.35762023925781,265788462.24474007,78.2723388671875
35,True,True,543.9575460500878,149.54140625,102.81633758544922,134.54429626464844,247.714111328125,-34.998538970947266,102.68884180710607,77.31115819289393,45.583988189697266,265788606.4932701,77.18366241455078
36,True,False,539.9992997058823,23.53680859375,125.88958740234375,203.67361450195312,96.86544799804688,-35.007320404052734,125.67857262613786,54.321427373862136,38.27573013305664,265789204.41697627,54.11041259765625
37,True,False,540.2052637415803,19.289712890625,121.07439041137695,59.39963912963867,287.5723876953125,-35.00612258911133,120.8677214763243,59.1322785236757,67.92991638183594,265789248.29163966,58.92560958862305
38,True,False,541.1963935711434,138.57225,163.48390007019043,33.004615783691406,324.7391662597656,-35.003108978271484,163.29814397454155,16.701856025458444,45.82792663574219,265789396.9999076,16.51609992980957
39,True,False,542.0925140256111,148.63759375,107.21478271484375,162.5137176513672,149.32485961914062,-34.997684478759766,107.04793476078414,72.95206523921586,38.05795669555664,265789496.64878628,72.78521728515625
40,True,True,545.3850801927912,10.0410458984375,89.78343200683594,156.39913940429688,148.6727294921875,-34.99773406982422,89.68605719890382,90.31394280109618,55.41893005371094,265789738.85963404,90.21656799316406
41,True,True,545.8678457542459,17.33416796875,162.86377334594727,60.76222610473633,295.4178466796875,-34.99721908569336,162.77658489136186,17.223415108638147,41.28144836425781,265789766.5074374,17.136226654052734
42,True,True,546.3625790016008,21.1155703125,115.56527709960938,199.19259643554688,81.92182159423828,-34.997596740722656,115.48852751654316,64.51147248345684,39.832279205322266,265789807.49285927,64.43472290039062
43,True,False,552.0878833203212,20.01130078125,100.01974487304688,107.80421447753906,196.7437744140625,-34.995059967041016,100.06379921110565,79.93620078889435,66.42939758300781,265790140.20474735,79.98025512695312
44,True,True,552.589738349794,42.77915625,139.02840042114258,234.36288452148438,15.20864200592041,-34.99494934082031,139.08304390032322,40.91695609967677,38.0661735534668,265790152.77994505,40.97159957885742
45,True,False,555.3260341746367,44.59966796875,158.21755981445312,43.71562957763672,276.0088806152344,-34.99600601196289,158.32993913553796,21.67006086446204,51.8497428894043,265790331.77698398,21.782440185546875
46,True,True,555.3260341746367,21.723455078125,170.44273567199707,173.3059539794922,294.3444519042969,-34.99600601196289,170.5551149930819,9.444885006918096,25.401248931884766,265790350.90460718,9.55726432800293
47,True,False,557.4149858417833,10.42817578125,105.21226501464844,167.17193603515625,130.35475158691406,-31.849929809570312,105.36872121591007,74.63127878408993,45.338226318359375,265790512.69672692,74.78773498535156
48,True,True,559.220002507249,17.52991796875,117.93494415283203,72.57635498046875,241.30374145507812,34.998069763183594,118.12948620573499,61.870513794265015,45.34723663330078,265791340.8359306,62.06505584716797
49,True,False,559.7500599615494,53.82759765625,108.41098022460938,30.847837448120117,349.09942626953125,35.00517272949219,108.61670648979806,71.38329351020194,36.7667350769043,265792007.08718258,71.58901977539062
50,True,True,544.7442284657704,17.525349609375,103.90859985351562,9.569469451904297,57.76446533203125,35.001766204833984,103.79770307414339,76.20229692585661,48.02199935913086,265794272.09375575,76.09140014648438
51,True,False,541.8910177003638,14.8921552734375,123.22854232788086,357.62200927734375,69.64839935302734,35.00299835205078,123.05744280135853,56.94255719864147,26.772348403930664,265794480.56815967,56.77145767211914
52,True,True,539.9158010714935,15.098005859375,141.6904296875,314.32177734375,273.36029052734375,38.18251037597656,141.4776530901085,38.52234690989149,12.649467468261719,265794884.68270832,38.3095703125
53,True,True,541.0385249071476,15.9394140625,109.55039978027344,52.56459426879883,130.50665283203125,35.660675048828125,109.36131265581425,70.63868734418575,65.93594360351562,265795113.31543472,70.44960021972656
54,True,True,541.0385249071476,24.164546875,160.1449203491211,358.3923645019531,64.6808090209961,35.660675048828125,159.95583322466192,20.04416677533809,18.36020851135254,265795116.53699496,19.855079650878906
55,True,False,546.5559082364878,12.1601328125,125.04502487182617,325.33837890625,295.1188049316406,34.99612808227539,124.97235453561606,55.02764546438394,23.11385154724121,265795531.0595895,54.95497512817383
56,True,True,552.7900883682823,18.497603515625,105.20464324951172,342.4057312011719,287.109619140625,34.998416900634766,105.26351411408248,74.73648588591752,40.41436767578125,265795913.5702713,74.79535675048828
57,True,True,556.2557756486742,17.036181640625,93.44400787353516,353.2155456542969,287.87628173828125,34.997833251953125,93.57600473972218,86.42399526027782,51.705894470214844,265796149.85687605,86.55599212646484
58,True,True,559.0672643895444,15.3942392578125,103.00924682617188,250.28378295898438,27.71818733215332,-35.24595260620117,103.20056610479126,76.79943389520874,62.8862419128418,265796497.44014397,76.99075317382812
59,True,True,559.4321583850153,23.593404296875,146.2434539794922,61.7786750793457,248.49038696289062,-35.00038146972656,146.442472521416,33.55752747858399,61.905330657958984,265796650.79532206,33.75654602050781
60,True,False,559.480900010374,50.66346484375,95.63273620605469,210.5137939453125,74.20941162109375,-35.005043029785156,95.83278319627358,84.16721680372642,51.0296516418457,265796712.89267603,84.36726379394531
61,True,True,559.1247176368919,33.3710234375,125.43463134765625,217.18374633789062,43.7750244140625,-34.99882888793945,125.62716288979468,54.37283711020533,21.88854217529297,265797176.0072415,54.56536865234375
62,True,True,559.0693780434519,36.48475,124.27547836303711,154.39874267578125,151.0474090576172,-34.99800109863281,124.46684223975394,55.533157760246056,39.74094772338867,265797253.5264729,55.72452163696289
63,True,True,559.3209774674062,10.6056357421875,150.06884002685547,150.5066375732422,160.2186737060547,-35.84709167480469,150.26551265141774,29.73448734858226,30.083328247070312,265797592.32657135,29.93115997314453
64,True,True,559.3880524791654,11.35607421875,160.2216396331787,325.74969482421875,235.55825805664062,-36.386226654052734,160.4197275404891,19.5802724595109,48.95476531982422,265797607.84176853,19.77836036682129
65,True,True,559.5394454675688,120.0466796875,149.3653507232666,100.25695037841797,164.30615234375,-37.34862518310547,149.5666330226323,30.433366977367697,53.181732177734375,265797662.08693507,30.6346492767334
66,True,True,559.8161251204398,41.2320234375,122.43798446655273,201.6365966796875,8.399725914001465,-38.136714935302734,122.64510470659401,57.35489529340599,19.510713577270508,265797771.8405653,57.562015533447266
67,True,True,561.4076370275843,20.689666015625,159.71302032470703,140.75682067871094,84.05074310302734,-35.01071548461914,159.95372146598905,20.04627853401094,30.3693904876709,265798126.71320188,20.28697967529297
68,True,False,540.629912023183,119.3728984375,165.47302055358887,358.186767578125,12.716248512268066,-35.00644302368164,165.27531169727803,14.72468830272197,48.597267150878906,265800351.16656905,14.526979446411133
69,True,True,540.9319006385741,16.57878125,115.6287841796875,148.80604553222656,178.5005645751953,-35.001007080078125,115.43744728316142,64.56255271683858,29.899850845336914,265800850.9211956,64.3712158203125
70,True,True,542.4180859875655,12.8655107421875,96.981689453125,142.97242736816406,174.81297302246094,-34.99538803100586,96.82171106746263,83.17828893253737,49.53801727294922,265801002.19636858,83.018310546875
71,True,True,543.1679007662295,14.88759765625,93.2391128540039,152.82188415527344,159.0601806640625,-34.995849609375,93.09495556017134,86.90504443982866,52.0464973449707,265801059.98892897,86.7608871459961
72,True,False,543.1679007662295,23.362974609375,105.9132080078125,222.85768127441406,73.395751953125,-34.995849609375,105.76905071397994,74.23094928602006,62.215423583984375,265801067.7569888,74.0867919921875
73,True,True,546.8490649674173,10.359291015625,112.0004653930664,177.38980102539062,114.38787841796875,-34.99680709838867,111.93398066387891,68.06601933612109,34.70698928833008,265801304.03811517,67.9995346069336
74,True,True,559.4340424407645,10.062841796875,91.41751098632812,28.023977279663086,293.09881591796875,34.99638748168945,91.61656928182826,88.38343071817174,54.16100311279297,265802590.53063017,88.58248901367188
75,True,True,559.4506602169616,30.155140625,87.93455505371094,20.80752182006836,355.41876220703125,35.0041618347168,88.13396398428883,91.86603601571117,57.158599853515625,265803367.99887806,92.06544494628906
76,True,True,559.902558189697,75.5971484375,149.17464447021484,180.9512481689453,194.13330078125,35.003658294677734,149.38358844801746,30.61641155198255,64.20454406738281,265803522.29306653,30.825355529785156
77,True,True,563.0328770250836,280.4020625,153.66225242614746,297.6769104003906,178.80531311035156,34.99831008911133,153.93724613137672,26.062753868623275,38.25453186035156,265804202.4582739,26.33774757385254
78,True,True,540.5230373872226,14.661908203125,87.90965270996094,331.2789611816406,132.25119018554688,35.00300598144531,87.70968879883134,92.29031120116866,57.212379455566406,265806094.56438312,92.09034729003906
79,True,True,540.3413775200006,12.6888466796875,98.40284729003906,321.7994689941406,150.2370147705078,35.00290298461914,98.19905035571108,81.80094964428892,47.727203369140625,265806133.77868876,81.59715270996094
80,True,False,539.8506286393998,29.543255859375,145.41803741455078,290.452392578125,272.1316833496094,37.19280242919922,145.2038856788421,34.79611432115788,25.26673126220703,265806271.9100433,34.58196258544922
81,True,True,541.22133224238,11.6675439453125,154.10658264160156,288.0726623535156,355.2242126464844,35.199432373046875,153.92135275191578,26.07864724808422,25.54194450378418,265806611.95311993,25.893417358398438
82,True,False,558.373630778417,72.715125,151.5554485321045,229.36676025390625,60.607666015625,-0.4044030010700226,151.7321321415291,28.267867858470908,25.761537551879883,265807837.69171506,28.444551467895508
83,True,False,559.354385912739,27.1731953125,152.55723190307617,7.097426891326904,280.021240234375,-34.99842071533203,152.75460944583497,27.245390554165034,62.29804992675781,265808103.38049147,27.442768096923828
84,True,True,559.3617552616181,18.85781640625,101.8349838256836,174.7590789794922,120.96412658691406,-35.001487731933594,102.03251686170374,77.96748313829626,47.13258743286133,265808358.65192828,78.1650161743164
85,True,True,559.3051034730947,21.7306015625,120.38125991821289,208.8672637939453,67.56674194335938,-34.99772262573242,120.5775976014952,59.42240239850481,25.5417423248291,265808403.4793101,59.61874008178711
86,True,True,559.2730355154386,11.519814453125,112.5890121459961,131.7677001953125,171.23959350585938,-34.99936294555664,112.78467319537185,67.21532680462815,59.350650787353516,265808434.19574457,67.4109878540039
87,True,True,559.1412020823025,42.98001953125,87.9896011352539,182.19203186035156,82.97051239013672,-34.99468994140625,88.18248049919049,91.81751950080951,60.14854431152344,265808915.805003,92.0103988647461
88,True,True,559.2756154344138,12.3539736328125,117.2492790222168,225.46812438964844,8.219335556030273,-34.99237060546875,117.44499450788292,62.555005492117076,31.15717887878418,265809018.03337586,62.7507209777832
89,True,False,560.178645087146,26.283388671875,129.61310195922852,127.31759643554688,92.02859497070312,-37.631744384765625,129.8278713705673,50.172128629432706,52.0858268737793,265809325.9086842,50.386898040771484
90,True,True,561.4631513417406,29.0671640625,158.68099975585938,219.23236083984375,145.19776916503906,-35.00423812866211,158.9228722491701,21.0771277508299,15.812100410461426,265809596.70414144,21.319000244140625
91,True,True,561.6167381713515,15.8542529296875,133.12237548828125,119.1488037109375,55.27864074707031,-34.989437103271484,133.36748866369678,46.63251133630323,52.297237396240234,265809602.51332662,46.87762451171875
92,True,True,561.7706404383086,13.5143251953125,157.10393524169922,226.77943420410156,151.77056884765625,-34.98998260498047,157.35229575494753,22.64770424505247,17.111967086791992,265809654.1701968,22.89606475830078
93,True,True,562.3737412449783,13.86043359375,160.0132827758789,271.60003662109375,145.8060760498047,-34.994327545166016,160.27436871614793,19.725631283852053,33.88205337524414,265809748.54306963,19.986717224121094
94,True,True,563.2991801307583,19.4418359375,137.50529098510742,251.5960235595703,175.45582580566406,-34.99673080444336,137.78590368586643,42.21409631413358,35.392818450927734,265809988.97282746,42.49470901489258
95,True,True,563.2991801307583,15.8946875,117.85453414916992,182.12994384765625,298.8784484863281,-34.99673080444336,118.13514684992893,61.86485315007108,28.4230899810791,265810016.4753076,62.14546585083008
96,True,True,563.470238281462,10.210654296875,139.8957862854004,274.6824951171875,149.48037719726562,-34.99724578857422,140.18000831313924,39.81999168686076,48.579856872558594,265810164.3584693,40.10421371459961
97,True,True,563.4089446803679,16.9013125,115.02523803710938,237.92247009277344,199.1492156982422,-34.99721145629883,115.30816676986514,64.69183323013486,46.442996978759766,265810202.73800996,64.97476196289062
98,True,True,563.3436435255081,38.63762890625,171.35684490203857,146.81173706054688,75.95883178710938,-34.996986389160156,171.6383957804268,8.361604219573204,29.01031494140625,265810250.0885892,8.643155097961426
99,True,False,562.2228515667241,78.086734375,138.29132080078125,183.31539916992188,249.91403198242188,-34.99641799926758,138.54922296883913,41.45077703116087,6.764289379119873,265810465.41987374,41.70867919921875
100,True,True,560.9921356534616,42.30160546875,78.36448669433594,156.67222595214844,280.57244873046875,-34.99678421020508,78.59642075662397,101.40357924337603,69.11396026611328,265810559.08101255,101.63551330566406
101,True,False,560.9921356534616,30.74020703125,140.79995727539062,201.7324981689453,174.47857666015625,-34.99678421020508,141.03189133767867,38.968108662321335,14.517991065979004,265810561.26030248,39.200042724609375
102,True,True,551.1251785605041,10.4637294921875,135.00980758666992,149.33047485351562,186.36964416503906,-34.993988037109375,135.03354885429655,44.966451145703445,16.082191467285156,265812997.89204708,44.99019241333008
103,True,False,552.139802520528,14.346328125,159.73434257507324,110.3213882446289,266.8697814941406,-34.99403762817383,159.77949240825637,20.22050759174362,29.931081771850586,265813063.81195638,20.265657424926758
104,True,True,559.0592848737525,11.5883525390625,140.53164672851562,51.24210739135742,196.02195739746094,35.85106658935547,140.7227976393518,39.2772023606482,24.447669982910156,265813756.66053855,39.468353271484375
105,True,True,559.117785061631,130.579546875,175.33280038833618,6.803943634033203,131.319091796875,35.001277923583984,175.5251856531366,4.474814346863404,30.564849853515625,265814246.128814,4.667199611663818
106,True,True,558.9763616665015,19.906107421875,152.5399513244629,68.04711151123047,199.48651123046875,35.00155258178711,152.72935255562606,27.270647444373928,23.443984985351562,265814480.55653903,27.46004867553711
107,True,True,560.6156088249548,24.271154296875,158.38087463378906,48.06131362915039,219.7132568359375,34.999088287353516,158.6048639799956,21.39513602000439,17.257631301879883,265815124.4588058,21.619125366210938
108,True,True,560.7598575007595,11.81506640625,153.95150756835938,358.4335632324219,149.14649963378906,35.000675201416016,154.1785405616254,25.8214594383746,15.573967933654785,265815181.3122618,26.048492431640625
109,True,True,560.908606127584,10.841005859375,161.04201889038086,322.9679870605469,160.15194702148438,35.00143051147461,161.27219047967287,18.727809520327117,30.065568923950195,265815193.09345737,18.95798110961914
110,True,True,560.908606127584,43.1914765625,175.91672277450562,55.96186828613281,199.10418701171875,35.00143051147461,176.14689436379763,3.8531056362023626,31.634756088256836,265815197.77854693,4.083277225494385
111,True,True,562.4436647531022,131.30096875,124.66249465942383,18.45161247253418,36.103824615478516,34.99903106689453,124.9250559857143,55.07494401428571,20.350412368774414,265815482.08967164,55.33750534057617
112,True,True,563.5290985699006,16.92537890625,152.3299388885498,294.72161865234375,186.5693359375,34.996978759765625,152.6154028683747,27.38459713162529,37.59092330932617,265815897.71669775,27.670061111450195
113,True,True,563.0566621720604,28.3687734375,126.56101608276367,295.4554443359375,159.44093322753906,34.99860763549805,126.83651165459415,53.16348834540585,49.960201263427734,265816055.22068542,53.43898391723633
114,True,True,560.2450920652357,27.424412109375,101.80687713623047,290.51025390625,148.48532104492188,35.001670837402344,102.02304857880694,77.97695142119306,66.43634796142578,265816378.62995407,78.19312286376953
115,True,False,542.565045880016,15.1821884765625,157.12701416015625,71.42478942871094,92.41105651855469,34.9963493347168,156.9701366282246,23.029863371775413,42.17690658569336,265818198.72943455,22.87298583984375
116,True,True,543.7577521648008,16.3458349609375,100.0291748046875,321.0887145996094,269.9048156738281,35.002471923828125,99.8974633753648,80.1025366246352,47.213436126708984,265818291.017137,79.9708251953125
117,True,True,545.1022228097246,13.4078212890625,151.83556747436523,283.76885986328125,18.13571548461914,35.0027961730957,151.73222437565042,28.267775624349575,29.733205795288086,265818384.10251942,28.164432525634766
118,True,False,554.1232123269506,26.43575,132.87112045288086,284.540771484375,19.90196418762207,34.99757766723633,132.95812023297952,47.04187976702048,45.63676834106445,265818932.5239185,47.12887954711914
119,True,True,555.7535119027823,12.58608203125,78.6275405883789,14.905879974365234,260.88897705078125,34.99716567993164,78.74893968952762,101.25106031047238,67.79058837890625,265819049.28970644,101.3724594116211
120,True,True,559.1770560198464,45.83387890625,102.50660705566406,159.98196411132812,140.83364868164062,-35.00602722167969,102.70024293768282,77.29975706231718,50.54233932495117,265819641.6693243,77.49339294433594
121,True,True,559.1770560198464,11.07003515625,132.20118713378906,209.4803924560547,52.12702178955078,-35.00602722167969,132.39482301580782,47.60517698419218,15.873104095458984,265819650.69201815,47.79881286621094
122,True,True,559.0122019247451,12.056107421875,121.92837905883789,171.9169921875,118.28245544433594,-34.99642562866211,122.11853651945,57.88146348054999,32.89701843261719,265820348.18536898,58.07162094116211
123,True,True,559.088585535429,13.8540712890625,144.59572219848633,131.4957275390625,173.97691345214844,-34.9952278137207,144.78749135328388,35.21250864671612,40.61616134643555,265820410.9654654,35.40427780151367
124,True,True,559.2616662332758,11.8101142578125,111.51419067382812,198.42361450195312,56.616729736328125,-34.99188232421875,111.70961183135024,68.29038816864976,33.948177337646484,265820480.67240384,68.48580932617188
125,True,True,559.2616662332758,11.58766015625,95.91622161865234,190.15286254882812,64.02392578125,-34.99188232421875,96.11164277617446,83.88835722382554,50.66923522949219,265820484.91352352,84.08377838134766
126,True,True,559.3325272513252,13.8849912109375,136.97995376586914,287.3936767578125,281.8092041015625,-35.1663932800293,137.17687009087211,42.8231299091279,49.13550567626953,265820515.62331206,43.02004623413086
127,True,True,559.4986028614219,11.97199609375,139.8492889404297,245.18963623046875,288.7068176269531,-36.2307243347168,140.04970946080567,39.95029053919431,24.23579216003418,265820583.7292357,40.15071105957031
128,True,True,559.5906195906624,13.431064453125,118.84382629394531,132.45767211914062,116.05142974853516,-36.66551208496094,119.04618836730829,60.95381163269171,57.62548828125,265820616.70863557,61.15617370605469
129,True,True,559.6882198813117,13.8763798828125,109.34977722167969,170.38003540039062,66.63240051269531,-37.02834701538086,109.55419866117536,70.44580133882464,43.097232818603516,265820648.31930196,70.65022277832031
130,True,True,559.79308270179,11.017091796875,86.9935531616211,211.07716369628906,4.784013748168945,-37.306396484375,87.20018720662887,92.79981279337113,55.81315231323242,265820659.8167081,93.0064468383789
131,True,True,559.79308270179,120.1480703125,169.09195232391357,116.64107513427734,169.5983428955078,-37.306396484375,169.29858636892135,10.701413631078657,38.60552215576172,265820680.93798262,10.908047676086426
132,True,True,561.7741399644335,34.7166328125,172.22741317749023,175.64453125,114.07836151123047,-34.98728942871094,172.47584753073977,7.524152469260218,28.24732208251953,265821085.62366462,7.772586822509766
133,True,True,561.7741399644335,14.8896123046875,158.5497703552246,254.98696899414062,160.6816864013672,-34.98728942871094,158.79820470847415,21.201795291525844,27.46198081970215,265821086.73175552,21.45022964477539
134,True,True,561.7741399644335,748.8891875,151.32557678222656,217.56517028808594,166.3362579345703,-34.98728942871094,151.5740111354761,28.42598886452389,10.602132797241211,265821101.84897768,28.674423217773438
135,True,False,562.0922331059976,10.7880107421875,95.72393035888672,208.7796173095703,285.54949951171875,-34.99421691894531,95.97907647742326,84.02092352257674,49.6455078125,265821146.7324262,84.27606964111328
136,True,True,562.6897488598407,13.6591845703125,119.46675872802734,214.57228088378906,257.6643371582031,-34.99480056762695,119.73451242896999,60.265487571030015,27.919204711914062,265821260.85462412,60.533241271972656
137,True,True,563.4852888074197,10.627716796875,121.92594146728516,233.60255432128906,195.5869598388672,-34.996437072753906,122.21048106112171,57.78951893887829,39.29750061035156,265821701.2116294,58.074058532714844
138,True,False,563.0296135434452,11.400662109375,118.62955474853516,178.20513916015625,277.576416015625,-34.99502944946289,118.90447959430185,61.09552040569815,26.732023239135742,265821816.29641205,61.370445251464844
139,True,True,562.4260287176036,32.648685546875,119.07408905029297,249.0048828125,172.96002197265625,-34.99510192871094,119.33627825623441,60.6637217437656,53.286624908447266,265821888.8754699,60.92591094970703
140,True,False,561.5867162402067,13.9265341796875,129.4395866394043,261.5099182128906,148.76351928710938,-34.99559020996094,129.68406635207265,50.315933647927345,54.618736267089844,265821999.79093787,50.5604133605957
141,True,True,556.0656455388926,17.553203125,88.8471450805664,171.32582092285156,243.96966552734375,-34.99725341796875,88.97513020143704,91.02486979856296,56.15666580200195,265822356.40183774,91.1528549194336
142,True,True,555.4877722080656,13.19553515625,114.82547760009766,248.56288146972656,149.2449951171875,-34.99794387817383,114.94126959368784,65.05873040631216,64.31718444824219,265822370.53965428,65.17452239990234
143,True,True,552.4737853010143,14.7023388671875,81.11686706542969,169.73866271972656,235.71522521972656,-34.99977111816406,81.16906393528109,98.83093606471891,63.98577880859375,265822515.50782746,98.88313293457031
144,True,True,550.0192088593592,52.4508046875,87.3779296875,147.3905792236328,253.58172607421875,-35.000282287597656,87.37833499443248,92.62166500556752,58.8785400390625,265822636.5926388,92.6220703125
145,True,True,540.9842061922727,28.41970703125,94.69969177246094,115.66854095458984,213.601318359375,-35.004173278808594,94.50945852311789,85.49054147688211,59.999290466308594,265823796.9206919,85.30030822753906
146,True,False,543.3220757267414,32.38384765625,93.0826416015625,163.9026641845703,145.951904296875,-35.00046157836914,92.94173739939674,87.05826260060326,52.1344108581543,265823986.76719913,86.9173583984375
147,True,True,548.6476729414973,13.9907978515625,134.33257675170898,119.6135482788086,222.6502227783203,-35.00065994262695,134.3040426507746,45.695957349225424,31.021297454833984,265824324.15698937,45.667423248291016
148,True,True,549.763686818361,105.5934375,146.10204696655273,308.4974060058594,332.9223937988281,-34.996097564697266,146.09706075842016,33.90293924157985,64.40802001953125,265824393.5394002,33.897953033447266
149,True,True,559.0689138938958,11.3586904296875,91.8223648071289,20.284215927124023,283.45361328125,35.33608627319336,92.01371889029011,87.98628110970989,53.34554672241211,265825249.71433634,88.1776351928711
150,True,True,559.2113463745786,10.1011650390625,154.34716987609863,221.3579559326172,109.46123504638672,35.00400924682617,154.54152928460223,25.45847071539776,59.22595977783203,265825452.24844602,25.652830123901367
151,True,True,559.0863677679368,19.080060546875,105.15139770507812,63.21022033691406,253.24346923828125,35.00343322753906,105.34312006498159,74.65687993501841,51.589412689208984,265825646.46393442,74.84860229492188
152,True,True,558.9641498104255,14.5963857421875,117.40584564208984,82.69969177246094,236.33985900878906,35.00181579589844,117.59498920308982,62.405010796910176,50.629154205322266,265825823.89869472,62.594154357910156
153,True,False,559.1274550210558,20.349103515625,121.57730865478516,357.7048645019531,28.330923080444336,35.007179260253906,121.76989795572943,58.230102044270566,30.483112335205078,265826130.59423748,58.422691345214844
154,True,True,559.3033778747117,28.72945703125,116.30353164672852,44.80677795410156,309.7934875488281,35.00701141357422,116.49983291988494,63.50016708011507,31.870609283447266,265826229.4837145,63.696468353271484
155,True,True,559.6372801124181,14.8707490234375,113.84771728515625,41.17266082763672,325.0487976074219,35.0096321105957,114.05106389552827,65.94893610447173,33.167137145996094,265826343.94831917,66.15228271484375
156,True,True,561.37659174326,15.522529296875,177.2043981552124,289.6399230957031,195.11363220214844,34.999141693115234,177.44444424099518,2.555555759004813,35.26353454589844,265826741.54693004,2.7956018447875977
157,True,True,562.0136269651147,11.94643359375,144.1611557006836,219.03408813476562,195.07421875,34.999237060546875,144.4146432296475,35.58535677035249,69.89530944824219,265826832.5210285,35.838844299316406
158,True,True,562.6270332934978,22.344115234375,117.50948715209961,25.016826629638672,22.697608947753906,35.000335693359375,117.77591755459241,62.22408244540759,27.7796688079834,265826953.42080748,62.49051284790039
159,True,True,563.2664530088407,18.996865234375,127.46144485473633,316.78643798828125,142.54017639160156,35.002262115478516,127.74136701322287,52.25863298677713,37.448856353759766,265827495.2192019,52.53855514526367
160,True,True,562.2539131317299,10.4322646484375,165.5827932357788,54.107933044433594,270.7105407714844,34.99982833862305,165.8413508028583,14.158649197141692,28.40360450744629,265827668.0496619,14.417206764221191
161,True,False,561.9710088201629,10.5345634765625,142.94741439819336,310.5763244628906,173.8103485107422,34.99993133544922,143.2000026842988,36.799997315701205,28.641746520996094,265827698.71938437,37.05258560180664
162,True,True,560.1673327151508,72.6925859375,136.55951309204102,50.94266128540039,332.66986083984375,35.002681732177734,136.7740438123307,43.225956187669304,34.79832077026367,265827841.1034258,43.440486907958984
163,True,True,544.9596126501318,22.707060546875,142.7423210144043,359.1922607421875,12.087434768676758,35.00307846069336,142.63596884132207,37.364031158677925,12.780869483947754,265828634.2948566,37.2576789855957
164,True,True,544.9596126501318,11.677046875,145.28283309936523,359.1780090332031,1.5131428241729736,35.00307846069336,145.176480926283,34.82351907371699,12.335521697998047,265828654.60240868,34.717166900634766
165,True,False,542.1119068915535,11.1482998046875,99.7254638671875,27.329694747924805,171.2634735107422,35.01430130004883,99.55902510259928,80.44097489740072,59.76206588745117,265829628.04963124,80.2745361328125
166,True,True,544.5393824742149,19.620259765625,143.79016494750977,285.1007385253906,359.4122314453125,34.99658966064453,143.67494591771572,36.325054082284296,31.474002838134766,265829817.45879206,36.209835052490234
167,True,True,550.1188397857026,12.0985322265625,78.31490325927734,350.5738830566406,261.9913024902344,34.99877166748047,78.31741077875567,101.68258922124433,66.68112182617188,265830145.1235644,101.68509674072266
168,True,True,556.4047058848925,28.053828125,120.88629150390625,43.768516540527344,208.42852783203125,34.99846267700195,121.02143079807749,58.97856920192252,39.2959098815918,265830551.7130651,59.11370849609375
169,True,False,558.5432541622712,14.966591796875,133.37063217163086,33.33663558959961,266.4193115234375,-13.131329536437988,133.55089483445477,46.44910516554522,62.0157470703125,265830831.47430897,46.62936782836914
170,True,True,558.5432541622712,19.5776640625,107.94213104248047,188.3952178955078,106.09589385986328,-13.131329536437988,108.12239370530439,71.87760629469561,51.42548370361328,265830843.70186353,72.05786895751953
171,True,True,559.148426155825,27.451365234375,121.52127456665039,112.72459411621094,190.829345703125,-34.99992752075195,121.7143063585383,58.285693641461705,63.82538986206055,265831417.93984625,58.47872543334961
172,True,True,559.0369254086169,11.311927734375,126.41464233398438,180.55691528320312,122.18157196044922,-34.99898147583008,126.60532146010618,53.39467853989381,24.559404373168945,265831635.87832722,53.585357666015625
173,True,True,559.0388994578213,17.761232421875,130.42433547973633,235.6334991455078,1.4348628520965576,-34.99981689453125,130.61505625829636,49.384943741703644,25.25272560119629,265831678.42680377,49.57566452026367
174,True,True,559.0388994578213,13.267552734375,114.05315399169922,236.16885375976562,18.631877899169922,-34.99981689453125,114.24387477025925,65.75612522974075,38.80720520019531,265831686.8933892,65.94684600830078
175,True,True,560.4040546965848,134.56890625,126.62075424194336,200.79458618164062,359.352783203125,-37.165306091308594,126.8402797960413,53.1597202039587,16.42972183227539,265832244.26847047,53.37924575805664
176,True,True,562.1393689637431,54.31705859375,171.4634017944336,329.32574462890625,131.10028076171875,-34.992576599121094,171.7195424795686,8.280457520431426,40.807647705078125,265832571.35179293,8.536598205566406
177,True,True,562.3025454354998,10.03748046875,128.55708694458008,214.61158752441406,263.23651123046875,-34.99617385864258,128.8166706532691,51.18332934673087,18.836307525634766,265832597.96404266,51.44291305541992
178,True,False,563.3209910346931,71.025796875,137.02324676513672,140.05667114257812,25.375503540039062,-34.99632263183594,137.30431967596874,42.69568032403126,35.44291687011719,265832818.27327776,42.97675323486328
179,True,True,563.8549190950508,10.3372958984375,142.66868591308594,273.65869140625,150.05841064453125,-34.99609375,142.96102470599152,37.03897529400849,46.098655700683594,265833062.1196316,37.33131408691406
180,True,True,563.8463530921086,11.8867158203125,118.89827728271484,223.9348907470703,214.73898315429688,-34.99703598022461,119.19043533295834,60.80956466704166,35.76362991333008,265833096.6198584,61.101722717285156
181,True,True,560.7849088602559,16.2514140625,86.82565307617188,188.5438995361328,244.39466857910156,-34.9968147277832,87.05321465312328,92.94678534687672,58.88395690917969,265833522.19293788,93.17434692382812
182,True,True,560.7849088602559,21.11971484375,142.09406280517578,250.51480102539062,139.5089111328125,-34.9968147277832,142.3216243821272,37.67837561787282,41.79025650024414,265833531.99455994,37.90593719482422
183,True,False,555.717999206059,13.2597802734375,136.02390670776367,161.4792938232422,277.0662841796875,-34.998416900634766,136.1445564910115,43.855443508988486,10.005169868469238,265833824.19418487,43.97609329223633
184,True,True,547.7754833428448,47.02474609375,163.73195266723633,158.7498016357422,50.76228332519531,-35.00156784057617,163.68501536577037,16.314984634229646,18.756973266601562,265834221.37992233,16.268047332763672
185,True,False,547.2021694400245,18.2075625,149.91766929626465,77.96086883544922,2.1178367137908936,-35.001434326171875,149.85863507144916,30.141364928550836,41.3084831237793,265834240.64260206,30.08233070373535
186,True,False,547.2021694400245,19.34666796875,147.83950805664062,266.103515625,90.54671478271484,-35.001434326171875,147.78047383182513,32.21952616817486,52.720916748046875,265834242.7284518,32.160491943359375
187,True,True,545.5644121888026,11.2118623046875,102.87692260742188,130.31234741210938,263.7368469238281,-35.00090789794922,102.78333170460562,77.21666829539438,47.282867431640625,265834343.61781237,77.12307739257812
188,True,True,545.0490922570025,14.2140791015625,142.08099365234375,222.7704620361328,110.94742584228516,-35.00130081176758,141.9765294989665,38.0234705010335,37.48418045043945,265834372.59277406,37.91900634765625
189,True,False,539.8095913926509,13.6160771484375,103.2069320678711,94.87686157226562,265.1940612792969,-35.00457763671875,102.99191444625603,77.00808555374397,61.8726921081543,265834876.4612349,76.7930679321289
190,True,True,541.6738991222978,10.1393720703125,100.59235382080078,171.51803588867188,140.14642333984375,-34.99700927734375,100.41667309228127,79.58332690771873,45.8311882019043,265835345.00576445,79.40764617919922
191,True,False,549.9344098300847,15.004271484375,128.65716552734375,274.8643493652344,2.957634210586548,-34.99488067626953,128.65578157475852,51.344218425241465,67.3487548828125,265835888.33906138,51.34283447265625
192,True,True,557.6200651875797,12.55638671875,141.24207305908203,194.4219512939453,82.11243438720703,-29.86448860168457,141.40285643453996,38.59714356546004,13.684647560119629,265836445.77368873,38.75792694091797
193,True,True,557.8391825536376,16.3887265625,146.00315475463867,356.80255126953125,294.4045104980469,-22.00904083251953,146.16856150652043,33.831438493479574,51.27251052856445,265836472.6250143,33.99684524536133
194,True,True,559.052074374622,12.4603427734375,153.43730354309082,333.2713623046875,65.1689682006836,35.00554275512695,153.62830231239533,26.371697687604655,22.091859817504883,265836793.17190033,26.56269645690918
195,True,True,559.0038207657798,10.9075205078125,123.85756301879883,84.60791015625,223.39820861816406,35.00126266479492,124.04754363695679,55.95245636304322,47.46521759033203,265837207.79660392,56.14243698120117
196,True,False,558.9747271994577,124.464234375,130.85816955566406,336.7755432128906,40.74278259277344,35.00053024291992,131.0475362995726,48.95246370042738,33.128746032714844,265837258.46397066,49.14183044433594
197,True,True,559.0631509666886,12.5444921875,122.35222625732422,103.45337677001953,227.6994171142578,35.00883865356445,122.54345874272136,57.45654125727865,57.693153381347656,265837485.94849488,57.64777374267578
198,True,False,560.363831995539,44.01009375,105.8708724975586,30.1713924407959,352.2784118652344,35.00591278076172,106.08954935266446,73.91045064733554,39.27657699584961,265837930.4728188,74.1291275024414
199,True,True,560.7963840880772,24.22981640625,171.6062774658203,97.6611328125,201.94703674316406,34.998348236083984,171.83408117007875,8.16591882992126,33.45403289794922,265838031.30526468,8.393722534179688
200,True,True,560.7963840880772,13.052181640625,125.3206787109375,81.51708221435547,280.26641845703125,34.998348236083984,125.54848241519593,54.45151758480407,43.28704071044922,265838036.8159148,54.6793212890625
201,True,True,561.2486676956252,25.14937109375,134.9731559753418,295.9847717285156,132.95941162109375,34.998291015625,135.21050286371948,44.78949713628051,53.38242721557617,265838135.08987826,45.0268440246582
202,True,True,561.2486676956252,22.8991796875,176.02753567695618,136.9207000732422,201.019775390625,34.998291015625,176.26488256533386,3.735117434666132,36.75971221923828,265838138.73507363,3.9724643230438232
203,True,True,561.5848006921037,22.474279296875,125.45084762573242,301.0587463378906,124.75568389892578,34.99795913696289,125.6952869203358,54.30471307966419,57.2135009765625,265838187.68301496,54.54915237426758
204,True,False,562.0999405264389,10.845259765625,159.6719455718994,227.68258666992188,193.93370056152344,34.997806549072266,159.92725431700728,20.072745682992725,53.90525817871094,265838285.42762217,20.328054428100586
205,True,True,562.4374532678792,15.5073505859375,136.83648681640625,344.2154235839844,113.34312438964844,34.998008728027344,137.0989170803585,42.9010829196415,24.16503143310547,265838330.07995644,43.16351318359375
206,True,True,561.3976059457601,14.9409521484375,97.35617065429688,307.1717529296875,129.73800659179688,34.999637603759766,97.59666013975242,82.40333986024758,62.41950607299805,265839226.02489305,82.64382934570312
207,True,False,546.2604778817044,19.496677734375,158.84505653381348,334.0841064453125,271.09857177734375,35.00465774536133,158.76615261711743,21.23384738288256,13.947722434997559,265840035.89584947,21.154943466186523
208,True,True,541.1559124538411,13.2765166015625,96.9518814086914,339.8352355957031,112.9792251586914,35.00055694580078,96.76527116146745,83.23472883853255,48.274654388427734,265840401.9206615,83.0481185913086
209,True,True,541.1559124538411,10.3931943359375,130.0862579345703,312.51934814453125,173.6664581298828,35.00055694580078,129.89964768734637,50.10035231265364,21.061792373657227,265840402.9257769,49.91374206542969
210,True,False,539.6962954990022,447.26896875,102.59459686279297,352.89068603515625,137.94581604003906,36.763790130615234,102.37718869782192,77.62281130217808,43.2752685546875,265840718.6894442,77.40540313720703
211,True,False,540.1491255098477,12.6400302734375,79.77214050292969,344.1616516113281,190.27542114257812,36.74968338012695,79.56428705118748,100.43571294881252,64.10404968261719,265840894.15063164,100.22785949707031
212,True,True,540.5205860846638,21.384205078125,103.93290710449219,303.258544921875,256.56060791015625,36.0910530090332,103.7328914708786,76.2671085291214,48.07368469238281,265840956.49285066,76.06709289550781
213,True,True,542.2395258408696,87.653125,104.81809997558594,340.0955505371094,230.27272033691406,35.001678466796875,104.65435397082828,75.34564602917172,40.202510833740234,265841120.79063454,75.18190002441406
214,True,False,543.3903715451494,18.80481640625,131.591552734375,259.57025146484375,353.55352783203125,35.0023193359375,131.45208957397764,48.54791042602235,51.900814056396484,265841227.49259695,48.408447265625
215,True,False,543.8114876696981,36.1098671875,104.15402221679688,352.1042175292969,226.7234344482422,35.0015983581543,104.0234446066275,75.9765553933725,41.88715362548828,265841245.61384425,75.84597778320312
216,True,True,556.2892321243621,14.181841796875,79.62311553955078,24.801223754882812,254.42257690429688,34.99872970581055,79.75581833737482,100.24418166262518,68.32765197753906,265842054.47359332,100.37688446044922
217,True,False,557.9688085002473,28.246998046875,130.3126678466797,304.43035888671875,351.7415466308594,4.149592876434326,130.4808097060349,49.519190293965096,49.385337829589844,265842258.69711393,49.68733215332031
218,True,True,558.5938344638815,20.9286484375,90.26274108886719,210.4728240966797,75.81158447265625,-35.03413391113281,90.44407099605509,89.55592900394491,56.292205810546875,265842409.49905854,89.73725891113281
219,True,True,558.8600495443552,37.5071171875,109.33367919921875,157.0563507080078,143.69412231445312,-34.998199462890625,109.52062624460464,70.47937375539536,48.76736068725586,265842873.6465006,70.66632080078125
220,True,True,558.8759381890574,23.4496484375,142.83496856689453,138.1187744140625,186.49134826660156,-34.99936294555664,143.02225086268365,36.97774913731636,37.419986724853516,265843098.9899419,37.16503143310547
221,True,True,558.9169967941707,13.2211005859375,130.3664779663086,117.78933715820312,181.422607421875,-34.99892807006836,130.5546265986656,49.44537340133441,56.30506134033203,265843165.4724962,49.633522033691406
222,True,True,558.9169967941707,21.9215390625,128.84496688842773,156.63673400878906,150.49745178222656,-34.99892807006836,129.03311552078475,50.96688447921527,35.67072296142578,265843171.81214318,51.155033111572266
223,True,True,558.9837117698659,40.999625,132.20332717895508,141.01097106933594,162.63687133789062,-34.998870849609375,132.39288349729924,47.607116502700755,42.61827850341797,265843235.8845666,47.79667282104492
224,True,True,559.8877001129783,14.3747421875,129.6949691772461,221.2499542236328,338.9268493652344,-36.2156867980957,129.90359964962994,50.09640035037006,17.420427322387695,265843548.69959483,50.305030822753906
225,True,True,560.1390284568491,11.2150869140625,105.70305633544922,224.79090881347656,338.08905029296875,-36.7940559387207,105.91698983588874,74.08301016411126,40.36241149902344,265843622.67601138,74.29694366455078
226,True,True,560.1390284568491,11.7793134765625,120.53144454956055,197.94615173339844,23.472925186157227,-36.7940559387207,120.74537805000006,59.25462194999994,23.122440338134766,265843625.76556417,59.46855545043945
227,True,True,560.4126297506639,13.4422177734375,156.25085639953613,197.91622924804688,166.54739379882812,-37.01123809814453,156.47056288727515,23.52943711272486,13.724066734313965,265843671.69818065,23.749143600463867
228,True,True,560.7110038545197,10.686576171875,162.47061347961426,89.38581085205078,144.35916137695312,-36.8196907043457,162.69661566094462,17.303384339055377,46.49113464355469,265843732.49056658,17.529386520385742
229,True,False,562.3992726034343,51.5762265625,165.64016723632812,214.0179443359375,130.0526123046875,-34.99829864501953,165.9017918882606,14.098208111739412,21.292634963989258,265844047.5377337,14.359832763671875
230,True,True,562.5714544101584,11.325447265625,117.32155227661133,209.99197387695312,282.5676574707031,-34.9980354309082,117.58680996466566,62.41319003533433,28.426193237304688,265844060.662564,62.67844772338867
231,True,False,562.7400257213123,18.296857421875,91.97224426269531,219.0685272216797,274.59136962890625,-34.99394989013672,92.24105880541501,87.75894119458499,55.13645935058594,265844088.76445276,88.02775573730469
232,True,False,563.6432016123384,10.3975830078125,147.67785263061523,313.66192626953125,141.0705108642578,-34.99678039550781,147.96572418463558,32.034275815364424,56.4070930480957,265844264.92849773,32.322147369384766
233,True,True,563.6432016123384,11.972587890625,150.35011672973633,246.45147705078125,163.55479431152344,-34.99678039550781,150.63798828375667,29.36201171624333,26.489286422729492,265844272.0508185,29.649883270263672
234,True,True,562.2884051098679,11.412248046875,95.05728149414062,204.5480499267578,229.0891571044922,-34.996063232421875,95.31656684195883,84.68343315804117,53.87112808227539,265844910.0510473,84.94271850585938
235,True,False,539.951253430833,48.2006875,106.94776916503906,140.82098388671875,216.3958740234375,-35.00459671020508,106.73574061242964,73.26425938757036,39.441558837890625,265846314.95640394,73.05223083496094
236,True,False,539.668600469637,39.828375,102.5445327758789,219.03790283203125,112.13829803466797,-35.00188064575195,102.32654024578825,77.67345975421175,65.31741333007812,265846421.24863088,77.4554672241211
237,True,True,541.1838051067509,21.337591796875,169.51071548461914,353.2097473144531,339.2319641113281,-34.99861526489258,169.32469377237157,10.675306227628415,45.10126876831055,265846761.20940384,10.48928451538086
238,True,True,542.8648020709654,11.13967578125,155.50434684753418,236.62451171875,15.455409049987793,-34.99601745605469,155.35379417123156,24.64620582876845,37.172401428222656,265846908.7537794,24.49565315246582
239,True,True,543.6765050430156,16.807216796875,157.5756721496582,187.98919677734375,4.709862232208252,-34.99531173706055,157.44224640606583,22.55775359393417,18.05893325805664,265846969.98745677,22.424327850341797
240,True,False,544.1112353186672,17.7054296875,150.87036895751953,217.9418487548828,23.263641357421875,-34.99527359008789,150.74611602274342,29.25388397725659,30.029314041137695,265846991.88818493,29.12963104248047
241,True,True,549.0245060019258,13.289572265625,122.20030975341797,185.0266571044922,95.09735870361328,-35.00105285644531,122.1797268300586,57.820273169941395,25.958173751831055,265847316.0588366,57.79969024658203
242,True,True,550.0498805080704,19.2678671875,98.468994140625,165.62240600585938,132.75897216796875,-34.9991569519043,98.47004661934528,81.52995338065472,46.65684127807617,265847353.28172946,81.531005859375
243,True,True,557.1530005379901,15.07691015625,125.86203002929688,95.06037139892578,216.3631591796875,-33.12528991699219,126.01295834064847,53.98704165935153,58.91177749633789,265847916.11494625,54.137969970703125
244,True,False,558.3034311520405,10.12983984375,86.91009521484375,15.815713882446289,284.7961120605469,30.225648880004883,87.0852976121518,92.9147023878482,59.53784942626953,265848120.72676775,93.08990478515625
245,True,True,558.7491748258931,12.07183984375,88.06697845458984,37.412628173828125,279.05023193359375,35.00476837158203,88.25158604341618,91.74841395658382,59.10268783569336,265848422.04812402,91.93302154541016
246,True,True,558.7521680856191,11.0959150390625,84.35787963867188,56.57781982421875,261.3105773925781,35.00067138671875,84.54255038527843,95.45744961472157,68.38616180419922,265848443.13896114,95.64212036132812
247,True,False,558.7521680856191,23.805228515625,76.46611785888672,15.704198837280273,305.7336730957031,35.00067138671875,76.65078860549328,103.34921139450672,68.5146713256836,265848445.99574655,103.53388214111328
248,True,False,558.9444253617271,13.873130859375,109.18417358398438,62.842002868652344,274.5496520996094,35.00663375854492,109.37290095911682,70.62709904088318,45.79929733276367,265848949.6508415,70.81582641601562
249,True,True,561.1038643217236,10.6816904296875,161.99394035339355,87.16976928710938,220.48138427734375,35.003517150878906,162.22823189058192,17.77176810941808,30.726558685302734,265849511.68336707,18.006059646606445
250,True,True,561.1038643217236,65.881328125,164.39244270324707,186.1402130126953,195.51002502441406,35.003517150878906,164.62673424043544,15.373265759564562,50.07763671875,265849530.76157707,15.60755729675293
251,True,True,562.1609360807902,29.338421875,99.3744888305664,66.09024810791016,326.31243896484375,34.99820327758789,99.63108458187108,80.36891541812892,57.183692932128906,265849692.6348475,80.6255111694336
252,True,True,562.3403094475235,12.69646875,98.65603637695312,33.41282653808594,7.668286323547363,34.99857711791992,98.91641690629586,81.08358309370414,47.26298522949219,265849735.85690412,81.34396362304688
253,True,True,562.5197805701558,14.469171875,108.27672576904297,21.859046936035156,24.688560485839844,34.99867630004883,108.54089313907326,71.45910686092674,36.71418762207031,265849770.27484044,71.72327423095703
254,True,False,563.0408715059712,24.112541015625,129.62488555908203,339.3811950683594,108.18289947509766,34.997745513916016,129.900047947858,50.09995205214198,30.769365310668945,265849854.89733073,50.37511444091797
255,True,False,563.6669435741616,10.251021484375,154.08935546875,334.5314636230469,168.81393432617188,34.99932861328125,154.3777279781648,25.62227202183519,22.9652156829834,265849977.22016567,25.91064453125
256,True,True,564.227455996048,12.1537314453125,138.05041122436523,341.21075439453125,130.99221801757812,35.00094985961914,138.35061054588186,41.64938945411815,21.21698760986328,265850132.33924434,41.949588775634766
257,True,False,564.3548111048079,20.97870703125,134.51778030395508,260.4462890625,182.0764923095703,35.00057601928711,134.82066681826652,45.179333181733476,65.18263244628906,265850177.78607583,45.48221969604492
258,True,False,564.17176646245,17.857294921875,130.0344696044922,353.9945983886719,93.24237060546875,34.998233795166016,130.3334938768499,49.666506123150114,17.262454986572266,265850391.11418775,49.96553039550781
259,True,True,563.9101947602983,10.068935546875,171.85333156585693,152.22010803222656,247.2989044189453,34.998313903808594,172.14683667529923,7.853163324700772,42.022544860839844,265850454.67634416,8.146668434143066
260,True,True,549.407633761957,25.963181640625,106.78752136230469,2.148695945739746,60.53833770751953,35.002384185791016,106.77502243468199,73.22497756531801,41.491302490234375,265851340.11454916,73.21247863769531
261,True,True,542.2336940948866,21.021134765625,85.61661529541016,2.350127696990967,83.01593780517578,35.005184173583984,85.45274624081226,94.54725375918774,63.50772476196289,265851785.66964725,94.38338470458984
262,True,True,541.5396915572888,12.019833984375,135.30242919921875,315.0475769042969,177.17510986328125,35.003448486328125,135.12391669107754,44.87608330892245,16.002670288085938,265851826.682347,44.69757080078125
263,True,True,558.2367508739255,54.0551015625,107.00541687011719,211.4010467529297,69.95811462402344,-33.33704376220703,107.17921231355702,72.82078768644298,41.72329330444336,265853866.33847955,72.99458312988281
264,True,True,558.6226388523487,35.8472890625,91.13388061523438,212.20880126953125,69.46663665771484,-35.00276565551758,91.31581829501893,88.68418170498107,54.66775131225586,265854325.55900386,88.86611938476562
265,True,True,559.1145323689751,57.8399375,85.86346435546875,210.24427795410156,49.79243087768555,-34.99849319458008,86.05578098845413,93.94421901154587,59.28660583496094,265854782.954348,94.13653564453125
266,True,True,560.5401852439278,10.1174443359375,175.10897397994995,283.2318115234375,187.87254333496094,-36.74125671386719,175.33137188859683,4.668628111403172,36.08660125732422,265855136.86445168,4.891026020050049
267,True,True,562.2980838694325,24.650634765625,148.56353187561035,216.88917541503906,189.60072326660156,-35.00656509399414,148.8230214452554,31.176978554744622,8.94886302947998,265855441.68209147,31.43646812438965
268,True,True,563.200166827758,27.045009765625,152.14197540283203,0.12024714052677155,125.91511535644531,-35.00181579589844,152.42049892289774,27.579501077102275,61.941680908203125,265855594.01206687,27.85802459716797
269,True,True,563.3686565248948,16.76560546875,132.9421501159668,218.48736572265625,238.62599182128906,-34.99787902832031,133.2242287686421,46.77577123135792,17.509002685546875,265855626.1007038,47.0578498840332
270,True,True,564.6030839106626,10.5486904296875,142.50465393066406,296.9621887207031,138.2484893798828,-34.99895477294922,142.81277900117905,37.187220998820955,56.87122344970703,265856009.2298166,37.49534606933594
271,True,False,564.5821818687853,22.990408203125,106.16970825195312,202.89112854003906,253.29983520507812,-34.99891662597656,106.4773922893845,73.5226077106155,40.147789001464844,265856025.1015687,73.83029174804688
272,True,True,563.9345147526943,15.811869140625,115.8343276977539,227.30747985839844,201.621337890625,-34.99738311767578,116.12834595903576,63.871654040964245,42.89397430419922,265856214.17044052,64.1656723022461
273,True,False,561.9545842375577,60.4498671875,150.93850898742676,306.1303405761719,107.25589752197266,-34.99534606933594,151.19075071483923,28.809249285160774,57.080284118652344,265856412.50468054,29.061491012573242
274,True,False,556.411609704077,11.5254091796875,163.79869079589844,277.2022705078125,91.11257934570312,-34.996341705322266,163.93397576065445,16.066024239345538,42.81490707397461,265856764.33905357,16.201309204101562
275,True,True,552.0174444900281,16.39991015625,89.90926361083984,193.11627197265625,205.83731079101562,-34.99842071533203,89.95183168957944,90.04816831042056,60.246429443359375,265856962.78778386,90.09073638916016
276,True,False,544.4208695272723,13.6950107421875,109.20982360839844,104.87442779541016,292.295654296875,-35.00057601928711,109.09210395542388,70.90789604457612,52.85780715942383,265857345.35414952,70.79017639160156
277,True,False,540.669070049369,14.2429482421875,83.28156280517578,182.0490264892578,175.0716094970703,-35.00736999511719,83.08468018321747,96.91531981678253,65.8591537475586,265857651.83539826,96.71843719482422
278,True,True,539.6090297244492,14.647990234375,108.1381607055664,129.8423309326172,219.01881408691406,-35.00456237792969,107.91891123275228,72.08108876724772,41.51450729370117,265857982.0059672,71.8618392944336
279,True,False,539.9108913468467,19.20815234375,158.14881706237793,236.25392150878906,33.257293701171875,-35.001670837402344,157.9359368697964,22.064063130203603,37.4097785949707,265858058.63213983,21.85118293762207
280,True,True,540.4569259490787,30.943640625,114.81249237060547,151.39830017089844,176.80824279785156,-35.00091552734375,114.61113350813103,65.38886649186897,30.45509910583496,265858168.2808213,65.18750762939453
281,True,False,543.3764385465678,27.851859375,88.62433624267578,136.248779296875,177.52687072753906,-34.99574279785156,88.48457909600836,91.51542090399164,59.770545959472656,265858438.30772185,91.37566375732422
282,True,False,549.1629572262617,21.656431640625,115.19221496582031,115.05436706542969,204.1685791015625,-34.993648529052734,115.17455336329444,64.82544663670556,48.778587341308594,265858801.4518381,64.80778503417969
283,True,True,551.6475784444584,35.4774453125,124.32799530029297,197.7877655029297,72.101806640625,-34.99551010131836,124.36275920547104,55.63724079452896,27.264619827270508,265858944.90369722,55.67200469970703
284,True,True,558.0508131582502,19.522638671875,103.05929565429688,61.07961654663086,228.7283477783203,31.918224334716797,103.22916781193595,76.77083218806405,58.06466293334961,265859590.7008877,76.94070434570312
285,True,True,564.6715100329498,49.95226171875,118.57292938232422,86.02362060546875,318.1922302246094,35.00282287597656,118.88249824401946,61.11750175598054,60.426883697509766,265861821.60863152,61.42707061767578
286,True,True,564.6715100329498,10.957548828125,98.87612915039062,3.9481899738311768,61.81779098510742,35.00282287597656,99.18569801208587,80.81430198791413,46.229671478271484,265861824.18214977,81.12387084960938
287,True,True,563.1488071518974,18.72629296875,103.16165161132812,318.0220031738281,121.40988159179688,35.000911712646484,103.43909144223316,76.56090855776684,53.16498947143555,265862070.36672485,76.83834838867188
288,True,False,558.827248084302,14.648416015625,116.38287734985352,279.2269592285156,168.88551330566406,35.00133514404297,116.56913228443229,63.430867715567715,58.65788269042969,265862367.31895977,63.617122650146484
289,True,False,550.7934082059543,10.7121201171875,169.35258865356445,170.04132080078125,268.1654357910156,35.00624465942383,169.3693295667101,10.630670433289911,45.514949798583984,265862764.32022533,10.647411346435547
290,True,False,543.4788109291325,14.39283203125,141.9928970336914,208.91441345214844,254.2385711669922,35.0018424987793,141.8552999442961,38.1447000557039,64.36862182617188,265863148.65507898,38.007102966308594
291,True,True,542.6216950589852,16.670359375,96.21206665039062,332.85809326171875,114.48643493652344,35.00566864013672,96.05638441613522,83.94361558386478,48.88941192626953,265863210.78491807,83.78793334960938
292,True,True,540.3981711909639,10.495349609375,160.31967163085938,252.17672729492188,274.55511474609375,35.00257873535156,160.11707304298872,19.882926957011286,37.076820373535156,265863422.12615302,19.680328369140625
293,True,True,539.6176667556675,11.0745263671875,152.7248420715332,121.47100830078125,345.5682067871094,34.99977111816406,152.50577484007778,27.494225159922212,59.786495208740234,265863575.78022328,27.275157928466797
294,True,True,544.1465978631843,13.898931640625,158.45909690856934,333.9175109863281,54.5654182434082,35.00203323364258,158.33559012348252,21.664409876517475,13.906438827514648,265864227.86685997,21.540903091430664
295,True,True,545.5367607882848,70.3807109375,128.03005599975586,32.186641693115234,167.20504760742188,34.99895095825195,127.93588165238867,52.064118347611334,36.96370315551758,265864305.83176535,51.96994400024414
296,True,True,551.4947126804873,13.3213095703125,107.73985290527344,296.3726806640625,340.0437316894531,34.998779296875,107.77139134283172,72.22860865716828,56.34971618652344,265864686.86373216,72.26014709472656
297,True,True,555.1778495936355,18.39484375,130.12850189208984,342.49371337890625,321.67877197265625,34.99829864501953,130.23775451851554,49.76224548148445,18.760473251342773,265864931.31411314,49.871498107910156
298,True,True,558.4105576927195,16.760556640625,113.72268676757812,157.71905517578125,144.0016326904297,-34.99858856201172,113.90014953489451,66.09985046510549,45.40280532836914,265865878.14381552,66.27731323242188
299,True,True,558.8073369421352,14.408556640625,134.02910614013672,151.5552520751953,158.58091735839844,-35.00432205200195,134.21494094961577,45.78505905038423,35.46095275878906,265866145.15671566,45.97089385986328
300,True,True,558.8237275943816,21.9629921875,97.52906036376953,189.39752197265625,230.0205841064453,-34.995731353759766,97.71524101601098,82.28475898398902,49.543827056884766,265868092.42666304,82.47093963623047
301,True,True,557.6828210415283,26.90897265625,135.2490119934082,176.8759307861328,222.94175720214844,-34.99596405029297,135.41111951738446,44.58888048261555,10.755974769592285,265868159.49474618,44.7509880065918
302,True,True,557.0881247820814,13.6945869140625,100.35472106933594,190.94186401367188,219.9882354736328,-34.99604034423828,100.50428050223786,79.49571949776214,47.947654724121094,265868195.00978154,79.64527893066406
303,True,True,555.236260845313,24.5076484375,93.9867935180664,213.1030731201172,191.8098907470703,-34.99584197998047,94.09727862190252,85.90272137809748,63.42226028442383,265868296.29040194,86.0132064819336
304,True,True,545.9166448636528,11.26477734375,150.63936042785645,187.56874084472656,105.99325561523438,-35.00029754638672,150.5532016344795,29.446798365520483,16.75839614868164,265868737.81819308,29.360639572143555
305,True,True,539.627543275415,14.7203740234375,129.51050567626953,99.672607421875,282.60150146484375,-35.00792694091797,129.2916468393808,50.70835316061921,38.995521545410156,265869307.71529806,50.48949432373047
306,True,True,540.9388637236746,19.33754296875,100.36595153808594,148.94825744628906,175.25534057617188,-35.00200271606445,100.17476156265548,79.82523843734452,45.15382766723633,265869695.66132763,79.63404846191406
307,True,True,545.6109590519186,12.1547294921875,99.18571472167969,156.09397888183594,150.34043884277344,-34.997432708740234,99.09310595767516,80.90689404232484,46.26498031616211,265870065.3441157,80.81428527832031
308,True,True,551.0472938132405,11.036728515625,149.9550380706787,272.11285400390625,345.2925720214844,-34.995182037353516,149.97713597013808,30.022864029861914,48.92351531982422,265870378.7041279,30.04496192932129
309,True,False,556.6852440882868,12.462994140625,149.67667770385742,189.42898559570312,85.17544555664062,-32.162689208984375,149.81773635412029,30.182263645879726,3.9364449977874756,265870877.46062323,30.323322296142578
310,True,True,558.0938957194305,39.6781875,110.03240966796875,349.4754638671875,342.2898864746094,35.00880432128906,110.20319086764873,69.79680913235127,40.868873596191406,265871325.27519286,69.96759033203125
311,True,False,558.2143480219183,12.8690810546875,88.9503173828125,41.977073669433594,284.6695556640625,34.99867248535156,89.12364012607497,90.87635987392503,58.47581481933594,265871539.72473875,91.0496826171875
312,True,True,558.2562219123436,13.0302958984375,100.29932403564453,47.46418762207031,277.5267028808594,34.998291015625,100.47353031799499,79.52646968200501,48.895713806152344,265871591.02469364,79.70067596435547
313,True,True,558.2822686241414,12.01783203125,102.53910827636719,16.374305725097656,322.0932922363281,34.999053955078125,102.71386414433657,77.28613585566343,42.687774658203125,265871624.50656107,77.46089172363281
314,True,False,558.835767286755,21.69487890625,151.87567710876465,27.44392204284668,157.6591339111328,35.00041580200195,152.0621117985152,27.93788820148482,7.02967643737793,265871908.09221765,28.12432289123535
315,True,True,559.2430630690363,10.815265625,106.8680419921875,70.41739654541016,277.38934326171875,35.00663375854492,107.06307062294417,72.93692937705583,51.113433837890625,265872036.42563114,73.1319580078125
316,True,True,555.4977077074517,22.3496328125,111.81757354736328,310.9295349121094,136.10617065429688,35.00160217285156,111.93357517999051,68.06642482000949,42.45280838012695,265874020.16509184,68.18242645263672
317,True,True,541.2782935399711,13.8891923828125,149.47319984436035,344.7536315917969,344.91009521484375,35.00093460083008,149.28917183805373,30.71082816194626,6.932855129241943,265874781.10694867,30.52680015563965
318,True,False,540.9814478352376,153.555984375,131.84490585327148,330.4639587402344,135.89527893066406,35.00218200683594,131.654614402595,48.345385597405,13.49244499206543,265874829.6331414,48.155094146728516
319,True,True,540.2511583472595,13.348359375,128.03128051757812,15.122983932495117,55.37467956542969,35.001251220703125,127.8255799587053,52.174420041294695,32.12538146972656,265874909.936355,51.968719482421875
320,True,False,539.7597995671998,20.658171875,118.24887084960938,50.46246337890625,91.31949615478516,36.329933166503906,118.0328026204773,61.96719737952271,58.775814056396484,265875254.2609594,61.751129150390625
321,True,True,539.884526704313,10.50227734375,172.93142652511597,111.59828186035156,17.22528076171875,36.2441291809082,172.71799003857697,7.28200996142303,41.48432540893555,265875265.9711344,7.068573474884033
322,True,True,540.212295123063,19.72640625,120.84667587280273,273.818359375,291.7605285644531,35.82763671875,120.64015529989936,59.35984470010064,49.74119567871094,265875339.5831297,59.153324127197266
323,True,True,547.9819454733332,21.93242578125,141.25043487548828,277.6247253417969,13.47496509552002,34.99756622314453,141.2078539249756,38.79214607502439,40.11235809326172,265875943.9176592,38.74956512451172
324,True,True,548.4825970357797,22.988859375,107.37749481201172,315.880859375,304.36993408203125,34.99830627441406,107.34547760946667,72.65452239053333,44.57864761352539,265875951.93679714,72.62250518798828
325,True,True,550.9392977478915,17.1060859375,109.438232421875,12.877453804016113,233.21768188476562,34.99884796142578,109.4580516043555,70.5419483956445,38.99876403808594,265876114.44544822,70.561767578125
326,True,True,551.8699724879234,17.76756640625,114.87447357177734,312.88916015625,329.1772155761719,34.99906539916992,114.91392999127252,65.08607000872748,42.13658905029297,265876168.9152264,65.12552642822266
327,True,True,554.3290162256052,11.81468359375,99.17195892333984,354.29791259765625,279.5013122558594,34.99927520751953,99.26330116570011,80.73669883429989,45.88787078857422,265876337.61019602,80.82804107666016
328,True,True,558.1127378213271,10.102591796875,87.16262817382812,211.1610870361328,73.28060913085938,-35.00697708129883,87.33380694185813,92.66619305814187,58.661922454833984,265877152.8592784,92.83737182617188
329,True,False,558.2257257810448,10.3001484375,124.00519943237305,122.26322174072266,183.51927185058594,-34.99907302856445,124.1787622463531,55.821237753646905,57.348934173583984,265877331.47833598,55.99480056762695
330,True,False,558.3254934155505,24.254076171875,113.67386627197266,195.35231018066406,88.76518249511719,-34.999088287353516,113.84953418304077,66.15046581695923,31.97677993774414,265877440.25631854,66.32613372802734
331,True,True,558.5418636952937,28.536052734375,106.11176300048828,166.42811584472656,120.58709716796875,-34.998504638671875,106.29199632445898,73.70800367554102,48.70496368408203,265877542.8575035,73.88823699951172
332,True,True,558.8628184010287,29.293525390625,114.00061798095703,215.41209411621094,40.66994094848633,-34.99827194213867,114.18762344921873,65.81237655078127,31.88517189025879,265877682.2305674,65.99938201904297
333,True,True,559.0708999483908,12.5037294921875,137.6861343383789,138.40463256835938,162.85507202148438,-35.00061798095703,137.87753032728995,42.12246967271005,40.94643020629883,265877725.21605995,42.313865661621094
334,True,True,559.5691246962895,208.789015625,133.35204315185547,126.26261138916016,150.45863342285156,-34.9986457824707,133.55395168294717,46.44604831705282,50.323097229003906,265877858.96918756,46.64795684814453
335,True,True,545.6045186985715,15.7474912109375,158.19372367858887,63.0090446472168,13.949779510498047,-34.996726989746094,158.10097902312873,21.899020976871274,41.879119873046875,265880220.04717132,21.806276321411133
336,True,False,539.9368692796949,16.955328125,157.13756561279297,215.8626708984375,59.611515045166016,-35.00761413574219,156.92523355459454,23.07476644540547,30.590190887451172,265880716.3175302,22.86243438720703
337,True,True,539.8040410536483,10.639115234375,144.8794937133789,107.71472930908203,304.69415283203125,-35.00784683227539,144.66435897961088,35.33564102038911,26.24401092529297,265880742.12235862,35.120506286621094
338,True,True,546.0298344615034,12.0138564453125,150.26635551452637,196.362060546875,19.237672805786133,-34.9975471496582,150.1825850216641,29.81741497833591,17.819496154785156,265881546.2787306,29.733644485473633
339,True,True,549.5135790366858,31.6655546875,132.75563049316406,272.0126647949219,2.495795488357544,-34.99443435668945,132.74536701083812,47.25463298916187,62.334571838378906,265881756.96174878,47.24436950683594
340,True,False,552.3500833686791,27.8290859375,102.44476318359375,172.49951171875,123.33692932128906,-34.99585723876953,102.49434994267288,77.50565005732712,42.64126205444336,265881920.36981115,77.55523681640625
341,True,False,555.0374283256854,14.3325595703125,168.87847995758057,152.9344482421875,280.43865966796875,-34.999725341796875,168.98476969525254,11.015230304747472,25.561054229736328,265882145.35452244,11.121520042419434
342,True,False,557.4099226094927,54.98550390625,171.89665699005127,37.55351638793945,177.0902862548828,8.558603286743164,172.05300635711157,7.946993642888435,4.142467975616455,265882457.67444476,8.10334300994873
343,True,True,558.6172301005386,11.0288818359375,119.31481552124023,69.664794921875,253.95062255859375,35.00028991699219,119.49663907636159,60.503360923638404,40.90855407714844,265883300.52909037,60.685184478759766
344,True,True,558.8747398185603,13.599767578125,89.28226470947266,23.957141876220703,332.7268981933594,35.00076675415039,89.46952171964428,90.53047828035572,55.67396545410156,265883414.94490966,90.71773529052734
345,True,True,560.8875303062583,10.160919921875,168.12558364868164,342.157958984375,161.798583984375,35.00454330444336,168.3553105381437,11.64468946185631,27.369522094726562,265883813.8324797,11.87441635131836
346,True,True,561.2701591395623,15.142783203125,108.56405639648438,34.40032958984375,348.68304443359375,35.00473403930664,108.80185675432914,71.19814324567086,37.200714111328125,265883882.16228136,71.43594360351562
347,True,False,562.277704019452,84.016609375,173.5749797821045,45.83449935913086,200.03443908691406,35.002769470214844,173.83403933691494,6.1659606630850705,29.204607009887695,265884021.18562868,6.425020217895508
348,True,True,562.8861731427393,11.500712890625,142.08998489379883,280.11810302734375,154.416259765625,35.00215530395508,142.36188314711063,37.638116852889375,54.78776168823242,265884120.50710255,37.91001510620117
349,True,True,563.2872657238111,11.0645322265625,153.11689376831055,214.98416137695312,198.67007446289062,35.00239944458008,153.39725507508297,26.60274492491704,61.36203384399414,265884181.89693335,26.883106231689453
350,True,True,563.2872657238111,12.1625263671875,155.6201343536377,11.88919734954834,188.5044403076172,35.00239944458008,155.90049566041012,24.099504339589892,11.419419288635254,265884188.54795754,24.379865646362305
351,True,True,563.4821966269325,18.53537109375,145.2578010559082,284.9279479980469,160.62762451171875,35.00295639038086,145.54227540473647,34.45772459526352,49.83358383178711,265884220.90756884,34.7421989440918
352,True,False,563.6726266691608,23.399861328125,169.48515224456787,280.90625,192.49087524414062,34.999942779541016,169.77364466728716,10.226355332712837,37.856834411621094,265884236.04471835,10.514847755432129
353,True,True,563.8571961936769,12.1697470703125,161.09345817565918,334.2958068847656,178.84371948242188,35.00148391723633,161.38584501534575,18.61415498465424,24.90108871459961,265884268.13884604,18.90654182434082
354,True,True,563.8571961936769,15.886208984375,139.1550521850586,9.70311450958252,79.71154022216797,35.00148391723633,139.44743902474517,40.55256097525482,8.145283699035645,265884268.74838632,40.844947814941406
355,True,True,563.8571961936769,11.2734130859375,83.35701751708984,356.34466552734375,56.82188034057617,35.00148391723633,83.64940435677643,96.35059564322357,64.44197082519531,265884271.396342,96.64298248291016
356,True,False,543.8049124279703,16.0560634765625,125.0212287902832,43.5827751159668,11.36803913116455,35.0012321472168,124.89051244251337,55.109487557486624,49.42980194091797,265886065.4461504,54.9787712097168
357,True,True,542.9203124655272,17.53937890625,127.26445770263672,348.64404296875,77.53656005859375,35.0026741027832,127.11507629565935,52.88492370434066,19.833282470703125,265886106.9341837,52.73554229736328
358,True,True,542.5134735109847,54.570875,143.88226699829102,38.528682708740234,356.2142028808594,35.0042839050293,143.7243012893728,36.27569871062721,35.397216796875,265886139.963279,36.117733001708984
359,True,True,542.1289874313197,15.3149033203125,120.58683013916016,340.1243896484375,104.22128295898438,35.00351333618164,120.420751773961,59.579248226039,24.73060417175293,265886193.20744818,59.413169860839844
360,True,True,541.1295146847699,37.794140625,142.77586364746094,63.99664306640625,354.48333740234375,35.00239562988281,142.58869640730958,37.411303592690416,48.95107650756836,265886278.7097988,37.22413635253906
361,True,True,539.99613009966,15.0773447265625,135.98683166503906,342.293212890625,104.09620666503906,35.00289535522461,135.7757500101419,44.22424998985811,10.372879981994629,265886426.9255546,44.01316833496094
362,True,False,539.7376865681783,10.245375,161.2048168182373,320.62738037109375,347.16534423828125,36.10398864746094,160.98828200482586,19.011717995174134,18.44405746459961,265886698.9189341,18.795183181762695
363,True,True,540.1514008556339,23.2123203125,172.20992708206177,88.352294921875,30.50273895263672,35.825035095214844,172.00212164011563,7.997878359884356,39.097660064697266,265886789.04025444,7.790072917938232
364,True,True,540.5603874182552,21.652794921875,111.82799530029297,357.3470153808594,177.23898315429688,35.259944915771484,111.62881947481816,68.37118052518184,36.63882827758789,265886852.2712815,68.17200469970703
365,True,True,540.8015394981776,10.6372001953125,166.69755172729492,354.4716491699219,41.66557693481445,34.90064239501953,166.50346421070645,13.496535789293532,22.53582763671875,265886858.57708392,13.302448272705078
366,True,True,543.5313279180889,133.530765625,158.5856761932373,287.2046203613281,19.426578521728516,35.001251220703125,158.44918721230897,21.55081278769102,27.384807586669922,265887098.22448492,21.414323806762695
367,True,True,544.3994364280601,19.342462890625,99.08296203613281,38.61489486694336,177.62716674804688,35.001644134521484,98.96479014476488,81.03520985523512,63.92888259887695,265887171.76449263,80.91703796386719
368,True,True,550.721644296946,17.24369140625,110.145263671875,352.02471923828125,262.8113098144531,34.99759292602539,110.16049036654056,69.83950963345944,34.82310104370117,265887553.4399656,69.854736328125
369,True,True,557.9838075696616,10.7752705078125,98.56697082519531,192.13465881347656,98.29673767089844,-35.002296447753906,98.73542916491517,81.26457083508483,46.657596588134766,265888488.2774446,81.43302917480469
370,True,True,558.077352719925,10.08334765625,111.83190155029297,175.23916625976562,125.32026672363281,-34.99789047241211,112.00233369268338,67.99766630731662,37.98816680908203,265888625.99842685,68.16809844970703
371,True,True,558.5570375421889,10.03780078125,132.19087600708008,127.61021423339844,175.64215087890625,-34.99810028076172,132.37142949922026,47.62857050077974,49.92806625366211,265889034.3352211,47.80912399291992
372,True,True,559.7888470578279,18.17081640625,132.9455451965332,213.41065979003906,9.260232925415039,-34.99365234375,133.15208986945336,46.84791013054663,13.057162284851074,265889353.48102978,47.0544548034668
373,True,True,560.9874907675553,17.14073046875,144.81980895996094,188.57928466796875,98.3031005859375,-36.04655075073242,145.05164501515634,34.94835498484365,9.286381721496582,265889572.47761312,35.18019104003906
374,True,True,562.3894601221117,14.02875390625,173.9791603088379,154.72592163085938,133.70672607421875,-34.98504638671875,174.24057791741444,5.759422082585552,31.29714012145996,265889771.6893044,6.020839691162109
375,True,True,564.8555324760117,16.2780703125,158.329345703125,70.17340087890625,83.11782836914062,-34.996944427490234,158.64279743836886,21.35720256163115,50.1888542175293,265890189.57784748,21.670654296875
376,True,True,565.0489900423661,15.3666357421875,136.55984115600586,190.961669921875,292.6387939453125,-34.9965705871582,136.8773748458998,43.12262515410021,8.485565185546875,265890260.64579925,43.44015884399414
377,True,False,539.6971603262564,12.49866015625,90.26314544677734,172.4508056640625,173.16282653808594,-35.00822448730469,90.04575552966135,89.95424447033865,56.72631072998047,265892223.25918567,89.73685455322266
378,True,True,539.7267323613514,35.9663125,114.85069274902344,91.201904296875,263.3747863769531,-35.007713317871094,114.63392680184795,65.36607319815205,55.15906524658203,265892432.64289615,65.14930725097656
379,True,False,539.8449280491826,23.377447265625,115.79528045654297,138.70838928222656,207.40081787109375,-35.00615692138672,115.58100843838072,64.41899156161928,31.716760635375977,265892451.32160372,64.20471954345703
380,True,True,544.9197693225805,26.22335546875,107.8711929321289,208.59461975097656,82.48889923095703,-34.99709701538086,107.76400006483536,72.23599993516464,51.05912780761719,265892923.9655094,72.1288070678711
381,True,True,547.3265167819155,11.0851650390625,144.31882858276367,277.6070861816406,355.335205078125,-34.99626541137695,144.26241808686208,35.73758191313791,57.04249954223633,265893093.45965737,35.68117141723633
382,True,True,548.3193710217841,15.0892099609375,90.53767395019531,162.1559295654297,139.03855895996094,-34.993656158447266,90.50221267875496,89.49778732124504,54.6967658996582,265893137.0781702,89.46232604980469
383,True,False,549.3134729124461,14.0054375,80.20942687988281,157.71925354003906,141.94692993164062,-34.99387741088867,80.19494115833542,99.80505884166458,65.51705169677734,265893191.22965735,99.79057312011719
384,True,False,553.4022254398968,14.0196064453125,132.47476959228516,270.9886779785156,356.9653015136719,-35.000450134277344,132.54655654906696,47.45344345093302,58.30188751220703,265893487.5954802,47.525230407714844
385,True,True,554.8409615440207,15.291626953125,132.50997924804688,229.7595672607422,23.65040397644043,-34.9989128112793,132.61212353662572,47.38787646337429,33.983497619628906,265893596.0952652,47.490020751953125
386,True,True,556.9749558383724,43.48387890625,136.09713745117188,234.96115112304688,39.70729446411133,-21.698766708374023,136.24430901936154,43.75569098063847,33.312164306640625,265893859.77874494,43.902862548828125
387,True,True,557.6331610947111,11.47444140625,107.9268798828125,311.20574951171875,6.821824073791504,33.404449462890625,108.0879395819109,71.9120604180891,59.544593811035156,265894037.68409342,72.0731201171875
388,True,True,560.6588789797479,13.6688154296875,160.46522331237793,144.10728454589844,200.74761962890625,35.008949279785156,160.6901256588506,19.30987434114939,47.31359100341797,265895258.28507993,19.53477668762207
389,True,True,561.4340824021426,33.4609375,151.32308959960938,161.39183044433594,207.0850830078125,35.00639343261719,151.5643487382946,28.435651261705416,58.924076080322266,265895355.21461317,28.676910400390625
390,True,True,561.4340824021426,11.984623046875,168.66021823883057,184.81964111328125,189.9722900390625,35.00639343261719,168.9014773775158,11.098522622484225,45.8706169128418,265895355.86108887,11.339781761169434
391,True,True,563.2904788475171,11.7018076171875,106.78123474121094,9.652430534362793,41.41014099121094,34.997650146484375,107.06166384489354,72.93833615510646,39.14218521118164,265895627.963765,73.21876525878906
392,True,True,564.1865021174697,10.9303818359375,97.4834976196289,0.14755384624004364,66.22972869873047,35.00027084350586,97.78283281430751,82.21716718569249,47.575965881347656,265896370.84242907,82.5165023803711
393,True,True,541.0959845971214,10.237162109375,118.75950622558594,327.2770690917969,235.5034942626953,34.993934631347656,118.5716315005852,61.4283684994148,27.25010871887207,265898366.44262475,61.24049377441406
394,True,False,543.173440367393,13.1232138671875,149.22107124328613,173.90512084960938,49.18304443359375,34.999961853027344,149.07703083503813,30.922969164961874,65.28311157226562,265898553.14310962,30.778928756713867
395,True,True,545.8387738121247,12.852896484375,149.5110855102539,315.2864990234375,7.982449531555176,34.99725341796875,149.42328363768974,30.57671636231026,16.06597900390625,265898735.18948707,30.488914489746094
396,True,True,551.6408067197016,23.936208984375,110.9720458984375,345.058837890625,278.8677062988281,34.99674606323242,111.0066669202232,68.9933330797768,34.503360748291016,265899075.43196303,69.0279541015625
397,True,True,556.3129430788198,10.91826171875,160.22070503234863,70.68437957763672,136.8115997314453,34.996299743652344,160.35390813131173,19.64609186868827,31.481420516967773,265899506.1607664,19.779294967651367
398,True,False,556.3129430788198,14.7389833984375,85.73149108886719,13.387219429016113,272.1473693847656,34.996299743652344,85.86469418783028,94.13530581216972,59.55400848388672,265899507.1049895,94.26850891113281
399,True,True,557.7063079320903,12.8484189453125,160.67575454711914,358.5709533691406,279.916748046875,-35.04153823852539,160.83835764448625,19.161642355513752,53.627994537353516,265899913.37235257,19.32424545288086
400,True,False,557.8723639310002,10.8920078125,119.31578826904297,172.57077026367188,134.98953247070312,-35.00220489501953,119.48189514798707,60.518104852012925,32.2724723815918,265900078.87376365,60.68421173095703
401,True,True,558.1999238404206,35.38714453125,102.63951110839844,193.42478942871094,88.54774475097656,-34.99884033203125,102.81252950143131,77.18747049856869,43.19675064086914,265900379.01712802,77.36048889160156
402,True,True,558.3937950931719,29.894841796875,95.29012298583984,170.6996307373047,109.75180053710938,-34.99798583984375,95.46723206230577,84.53276793769423,56.76152801513672,265900475.47842768,84.70987701416016
403,True,True,558.5570818047236,64.54615234375,123.09397888183594,170.63961791992188,127.15531158447266,-34.997642517089844,123.2745333079156,56.725466692084396,32.48525619506836,265900515.24663198,56.90602111816406
404,True,True,559.0872043151354,14.823943359375,148.916410446167,97.89325714111328,194.8347625732422,-34.9940299987793,149.10815045721634,30.89184954278365,52.31629943847656,265900665.92701375,31.083589553833008
405,True,True,559.3528789046944,30.56385546875,167.44111156463623,332.17242431640625,240.28836059570312,-34.99261474609375,167.63845730952528,12.361542690474717,43.473838806152344,265900739.38383907,12.55888843536377
406,True,True,561.8795241137249,16.2230322265625,160.86476516723633,209.35643005371094,164.13021850585938,-35.22587585449219,161.11542312603592,18.88457687396408,16.29100227355957,265901151.5336116,19.135234832763672
407,True,True,562.507975259238,12.7140546875,123.4968490600586,204.15762329101562,319.6664123535156,-34.99080276489258,123.76076733802851,56.239232661971485,21.483484268188477,265901238.78574854,56.503150939941406
408,True,True,563.1349726777795,362.95040625,155.6028060913086,218.25108337402344,162.86331176757812,-34.99528503417969,155.87995401480975,24.12004598519026,13.588833808898926,265901338.77709365,24.397193908691406
409,True,True,563.9327689865606,10.8198779296875,146.08110809326172,223.58853149414062,196.1614227294922,-34.99315643310547,146.37508951887816,33.62491048112185,13.888725280761719,265901449.520842,33.91889190673828
410,True,True,563.9327689865606,28.958265625,122.59955978393555,213.8848419189453,268.6120910644531,-34.99315643310547,122.89354120955198,57.10645879044802,24.726211547851562,265901459.28116414,57.40044021606445
411,True,True,564.1145070683513,12.8440732421875,138.89028930664062,221.93162536621094,219.44375610351562,-34.993770599365234,139.18810540578284,40.811894594217165,15.855778694152832,265901501.43840638,41.109710693359375
412,True,True,564.4544733530441,26.8640859375,106.67874908447266,172.24037170410156,328.7624206542969,-34.994712829589844,106.98373847222189,73.01626152777811,42.63702392578125,265901561.389969,73.32125091552734
413,True,True,564.7527320658073,11.8915673828125,149.15049743652344,237.28746032714844,173.01744079589844,-34.995391845703125,149.46178008311196,30.53821991688803,22.473421096801758,265901595.4054205,30.849502563476562
414,True,False,564.8819861057899,140.57825,103.76132202148438,206.46453857421875,270.7535705566406,-34.99612045288086,104.07533192831654,75.92466807168346,42.1727294921875,265901647.060734,76.23867797851562
415,True,True,565.0993031066067,44.363546875,152.0748348236084,289.27325439453125,145.07192993164062,-34.99617385864258,152.3934301191578,27.6065698808422,45.92394256591797,265901706.12565133,27.9251651763916
416,True,False,565.1826909883985,65.9023125,87.9458999633789,196.18252563476562,279.529296875,-34.996192932128906,88.26625474323411,91.73374525676589,57.064613342285156,265901728.50905597,92.0541000366211
417,True,True,565.2473631787346,13.31879296875,122.34768676757812,219.51353454589844,228.93539428710938,-34.99625778198242,122.66940613064943,57.33059386935057,29.901447296142578,265901774.51606557,57.652313232421875
418,True,True,565.2981111864817,35.96427734375,140.05781173706055,225.23989868164062,183.3206329345703,-34.996665954589844,140.38060188309532,39.61939811690469,22.67961883544922,265901893.62431863,39.94218826293945
419,True,True,564.434629766634,35.70378515625,108.78009796142578,248.5064239501953,187.66783142089844,-34.9971809387207,109.08466864950177,70.91533135049823,60.905677795410156,265902088.88708353,71.21990203857422
420,True,False,562.6021418347909,62.061390625,115.3809585571289,191.9222869873047,235.64254760742188,-34.99655532836914,115.64686374984299,64.35313625015701,31.585559844970703,265902282.75718176,64.6190414428711
421,True,True,562.1982656480404,23.043490234375,165.61198043823242,243.24652099609375,106.98670196533203,-34.99674987792969,165.86936384340606,14.130636156593924,31.984304428100586,265902311.4361658,14.388019561767578
422,True,True,561.3142842813645,13.20139453125,98.55170440673828,173.21044921875,261.6982421875,-34.99677276611328,98.79043580507508,81.20956419492492,46.41672897338867,265902357.99469385,81.44829559326172
423,True,True,550.0288224385871,15.275400390625,112.6995620727539,177.3005828857422,115.6141128540039,-34.99545669555664,112.7001702262081,67.2998297737919,32.80424499511719,265904703.96359846,67.3004379272461
424,True,True,556.7096405822783,35.2106953125,164.38579273223877,334.19189453125,299.7326965332031,-28.587522506713867,164.52736614852483,15.472633851475157,36.37248229980469,265905325.95820722,15.61420726776123
425,True,True,558.2337294511565,12.88430078125,171.99040412902832,226.58267211914062,134.7954559326172,35.002838134765625,172.1641358204477,7.835864179552278,42.57516098022461,265906173.0954597,8.00959587097168
426,True,True,558.6654165439751,20.635359375,142.97129821777344,100.77613067626953,207.94448852539062,35.0054931640625,143.15413850685133,36.84586149314869,42.22494888305664,265906316.44948572,37.02870178222656
427,True,False,558.8863039565955,12.17534765625,129.28883743286133,94.41220092773438,230.82908630371094,35.007080078125,129.4763384463455,50.523661553654506,47.2609748840332,265906372.9659256,50.71116256713867
428,True,False,559.0099118524472,29.223640625,138.74703216552734,84.485595703125,228.81744384765625,35.00676727294922,138.93714130561398,41.06285869438602,35.774925231933594,265906410.63558435,41.252967834472656
429,True,True,560.9969740535232,11.1413564453125,161.27676010131836,88.31451416015625,213.3287353515625,35.00223922729492,161.5087962538477,18.4912037461523,30.99989891052246,265906757.06422296,18.72323989868164
430,True,True,562.2434908490951,38.65812109375,90.29661560058594,19.756868362426758,16.9338436126709,34.99913787841797,90.55495325750185,89.44504674249815,54.735015869140625,265906939.02760848,89.70338439941406
431,True,True,562.6687831316341,10.90387109375,172.46108388900757,41.02608108520508,202.47268676757812,34.999855041503906,172.72839521308504,7.271604786914953,27.982187271118164,265906994.98857635,7.538916110992432
432,True,True,563.506465195844,13.28537890625,105.75022888183594,16.337295532226562,31.460826873779297,34.999420166015625,106.03521529746824,73.96478470253176,39.354366302490234,265907111.85815418,74.24977111816406
433,True,True,563.7068964336473,12.013478515625,173.90718984603882,278.9218444824219,198.3275909423828,34.999969482421875,174.1964053607888,5.803594639211223,36.557960510253906,265907156.08495724,6.092810153961182
434,True,True,563.9016134568361,56.57328515625,156.42512130737305,324.8214416503906,165.4646453857422,35.000301361083984,156.71844535131228,23.28155464868771,27.816396713256836,265907174.34234694,23.574878692626953
435,True,True,564.0879879456227,29.583529296875,145.29530334472656,222.74008178710938,197.00262451171875,34.99931335449219,145.5925598903792,34.4074401096208,67.9517822265625,265907204.69921315,34.70469665527344
436,True,True,564.7470178609863,15.6329443359375,122.75373840332031,6.678958892822266,59.32842254638672,34.99728775024414,123.06490048018712,56.93509951981288,23.178482055664062,265907332.15323395,57.24626159667969
437,True,True,565.2531843551403,16.454017578125,160.18744277954102,288.900390625,201.64891052246094,35.001922607421875,160.50928496943447,19.490715030565525,35.89087677001953,265907668.39708713,19.812557220458984
438,True,True,561.033567278495,10.25767578125,91.33503723144531,27.10387420654297,34.270145416259766,35.00135040283203,91.56784550102155,88.43215449897845,60.142845153808594,265908121.4239156,88.66496276855469
439,True,True,559.4812410063598,11.5848701171875,97.81977081298828,20.199485778808594,39.411895751953125,35.00189208984375,98.01982499822248,81.98017500177752,52.28335952758789,265908184.44984737,82.18022918701172
440,True,True,540.0140606817803,11.495240234375,127.05049896240234,325.21258544921875,157.17193603515625,34.99435043334961,126.8397956427879,53.160204357212095,19.0622501373291,265909344.0779004,52.949501037597656
441,True,True,539.781408918935,20.4578359375,109.79838562011719,313.836669921875,212.7310028076172,35.66982650756836,109.58277334830672,70.41722665169328,38.276424407958984,265909624.9350469,70.20161437988281
442,True,True,541.2389980754853,10.0041005859375,174.19055843353271,42.228580474853516,47.5632438659668,34.99570083618164,174.00570129292547,5.994298707074546,32.85009765625,265909857.62155586,5.809441566467285
443,True,True,543.7967865324257,11.36355078125,166.3284387588501,269.4535217285156,34.138553619384766,35.00192642211914,166.1975509546843,13.80244904531572,33.02450942993164,265910051.91675645,13.671561241149902
444,True,False,543.7967865324257,23.05816796875,82.51774597167969,334.5865478515625,245.77587890625,35.00192642211914,82.38685816751386,97.61314183248614,62.69734573364258,265910052.45883694,97.48225402832031
445,True,True,555.6962904744871,11.7492890625,141.73242950439453,251.9729461669922,56.43413162231445,34.99847412109375,141.8526212334062,38.14737876659379,59.44293212890625,265910908.8753522,38.26757049560547
446,True,True,555.9358023347851,15.181240234375,104.67557525634766,35.32160568237305,236.9840087890625,34.99850082397461,104.80082068561163,75.19917931438837,46.60310745239258,265910938.1279074,75.32442474365234
447,True,True,556.360858230705,40.89589453125,106.57688903808594,323.850341796875,338.68658447265625,34.997840881347656,106.71110314675381,73.28889685324619,50.46306228637695,265910993.82840827,73.42311096191406
448,True,True,557.3880705913383,11.42881640625,97.66619873046875,220.19326782226562,66.59114837646484,-26.775726318359375,97.82208701994598,82.17791298005402,56.7906608581543,265911222.60607448,82.33380126953125
449,True,True,557.5156686137843,11.86853125,151.2162570953369,290.286376953125,317.1333312988281,-35.33717346191406,151.37483770308776,28.625162296912237,46.86793518066406,265911272.59574658,28.783742904663086
450,True,True,557.8009838888985,11.746494140625,130.3750457763672,98.47315979003906,209.6133575439453,-35.00128173828125,130.53964653642294,49.46035346357706,63.75542449951172,265911560.1534296,49.62495422363281
451,True,False,557.871709081807,39.701796875,133.51030349731445,142.99420166015625,180.34933471679688,-35.00099182128906,133.67639655894058,46.32360344105942,38.64089584350586,265911643.04442564,46.48969650268555
452,True,False,557.9381682755659,14.6244501953125,111.93888092041016,160.49102783203125,140.19937133789062,-34.99888229370117,112.1063762710246,67.8936237289754,45.49995040893555,265911712.01726872,68.06111907958984
453,True,True,558.1181871105792,15.9600751953125,96.01285552978516,207.78501892089844,68.61920928955078,-34.99977493286133,96.18414927781838,83.81585072218162,49.123680114746094,265911837.37007165,83.98714447021484
454,True,True,558.3930466301975,25.553908203125,107.09537506103516,159.07493591308594,129.3477325439453,-35.00558090209961,107.27246834493232,72.72753165506768,51.41912841796875,265911932.00382546,72.90462493896484
455,True,True,558.5747553080062,13.6996318359375,98.43167877197266,228.41204833984375,33.35026550292969,-35.001007080078125,98.61260610897159,81.38739389102841,50.11087417602539,265912000.09340617,81.56832122802734
456,True,False,559.2919636783702,32.123662109375,100.180908203125,204.18141174316406,50.21125411987305,-34.99482345581055,100.37696863673861,79.62303136326139,44.85481643676758,265912183.89593264,79.819091796875
457,True,True,560.8361272828286,16.426275390625,154.22048568725586,282.3088684082031,231.605224609375,-35.475341796875,154.44912797292355,25.55087202707646,38.023136138916016,265912453.33224672,25.77951431274414
458,True,True,561.238116145705,50.409453125,165.10761547088623,103.06834411621094,152.32192993164062,-35.61594772338867,165.34473972156061,14.655260278439394,40.845394134521484,265912525.05202633,14.89238452911377
459,True,True,561.238116145705,32.520388671875,146.16186904907227,188.32916259765625,101.8749771118164,-35.61594772338867,146.39899329974665,33.60100670025336,9.197867393493652,265912529.10464397,33.838130950927734
460,True,False,562.0816387105165,16.85933984375,146.0890655517578,33.45943069458008,147.6913604736328,-35.00127029418945,146.3439881285497,33.65601187145029,68.64651489257812,265912645.46118686,33.91093444824219
461,True,True,562.0816387105165,12.4872548828125,87.47164154052734,207.43585205078125,328.1993713378906,-35.00127029418945,87.72656411731924,92.27343588268076,57.58354187011719,265912648.55749366,92.52835845947266
462,True,True,565.4536874147196,138.6370625,138.61891555786133,235.69888305664062,184.2152557373047,-34.99594497680664,138.9449883623119,41.05501163768809,28.216785430908203,265913279.74055985,41.38108444213867
463,True,True,565.0323569288352,59.03291796875,91.2313461303711,202.89883422851562,249.33441162109375,-34.997493743896484,91.54852886156952,88.45147113843048,55.80291748046875,265913490.07609197,88.7686538696289
464,True,True,562.506649091108,39.34203515625,135.0427703857422,245.7898406982422,156.11813354492188,-34.99744415283203,135.30666068156455,44.693339318435434,43.60750961303711,265913745.94525358,44.95722961425781
465,True,True,540.1732983743167,14.2212021484375,135.9841194152832,141.3789520263672,252.05596923828125,-35.00518798828125,135.77677601098128,44.22322398901871,12.150596618652344,265915036.66469866,44.0158805847168
466,True,True,539.7295268556717,11.2490439453125,174.92237663269043,97.5933837890625,353.1881408691406,-35.00239181518555,174.7056696493451,5.2943303506548975,32.50704574584961,265915351.44861543,5.07762336730957
467,True,True,540.183929907575,14.67896875,112.90445709228516,189.83810424804688,122.52936553955078,-35.00102996826172,112.69733801333498,67.30266198666502,40.6906623840332,265915442.93562293,67.09554290771484
468,True,False,545.9455335520364,11.055345703125,151.65738677978516,128.92047119140625,263.7630310058594,-34.99544143676758,151.57183753773313,28.428162462266876,19.570404052734375,265915944.3871819,28.342613220214844
469,True,True,557.9720111651952,11.7171181640625,101.82221984863281,57.5164680480957,263.442626953125,34.999717712402344,101.99042928421844,78.00957071578156,50.99421691894531,265917462.70633632,78.17778015136719
470,True,False,558.3983636224962,16.806513671875,109.88985443115234,65.1908187866211,263.7736511230469,35.0020866394043,110.06705990358701,69.93294009641299,46.36054229736328,265917681.35743365,70.11014556884766
471,True,True,558.684514666485,14.5185458984375,124.91785049438477,103.3327865600586,221.8046417236328,35.00899887084961,125.1010937538476,54.8989062461524,55.55110549926758,265917749.7330288,55.082149505615234
472,True,True,560.294036957013,10.6894951171875,147.4749298095703,72.93597412109375,233.89102172851562,35.00688552856445,147.6921339893633,32.307866010636715,26.04060173034668,265918096.14167017,32.52507019042969
473,True,False,562.5827680155269,15.3692255859375,138.00638961791992,357.7999572753906,89.98749542236328,34.997283935546875,138.27188602304753,41.728113976952464,16.749282836914062,265918425.4494687,41.99361038208008
474,True,False,565.3582909496139,46.366484375,148.17234420776367,136.37709045410156,254.912109375,34.99668884277344,148.49640414680053,31.503595853199474,57.67872619628906,265918867.91218263,31.827655792236328
475,True,False,565.5373428046521,37.30587109375,148.33366584777832,41.919490814208984,292.30523681640625,34.9968147277832,148.66150378095648,31.33849621904352,16.241016387939453,265918923.5649688,31.66633415222168
476,True,True,565.5979667963977,92.86765625,106.02145385742188,354.63482666015625,73.45832061767578,34.997188568115234,106.35057095682586,73.64942904317414,41.15591812133789,265918962.25946745,73.97854614257812
477,True,True,565.573565778723,10.1277255859375,141.7399024963379,290.88690185546875,173.68824768066406,35.00160598754883,142.06850473426894,37.93149526573105,43.77532958984375,265919096.71083814,38.26009750366211
478,True,True,565.3887690789514,44.17076953125,133.27840423583984,349.3044738769531,107.05558776855469,34.997859954833984,133.60310726340572,46.39689273659428,15.856257438659668,265919176.56304073,46.721595764160156
479,True,True,565.3887690789514,25.25748828125,128.45676040649414,313.2191162109375,144.91250610351562,34.997859954833984,128.78146343406002,51.218536565939985,38.50212860107422,265919176.68107054,51.54323959350586
480,True,True,564.9022946688983,24.396111328125,163.05396270751953,244.14297485351562,220.22398376464844,34.998538970947266,163.3684011250333,16.631598874966713,45.43598556518555,265919250.27996844,16.94603729248047
481,True,True,564.1565472454092,61.3159765625,113.96548461914062,20.844135284423828,31.161190032958984,35.00263595581055,114.26418776601876,65.73581223398124,34.41217041015625,265919343.53812498,66.03451538085938
482,True,True,540.4365184300455,18.272638671875,125.0360107421875,242.29446411132812,238.7478790283203,34.999755859375,124.83422128106146,55.16577871893854,63.051658630371094,265920722.54222584,54.9639892578125
483,True,True,540.1242231435207,73.0095625,101.01741027832031,15.125216484069824,142.0394287109375,35.30195236206055,100.8090313866486,79.1909686133514,53.35171890258789,265921171.36068884,78.98258972167969
484,True,True,552.3622732811348,13.4420390625,124.3312873840332,281.2694396972656,7.086219787597656,34.998321533203125,124.38113135026515,55.61886864973485,53.760677337646484,265922076.57762903,55.6687126159668
485,True,True,552.7677073252272,11.5477841796875,146.74457931518555,20.812971115112305,160.3968505859375,34.99857711791992,146.80297793974785,33.19702206025216,13.944512367248535,265922097.04700777,33.25542068481445
486,True,False,554.5469597872359,11.138873046875,88.55899047851562,2.1740481853485107,273.0050354003906,34.99937057495117,88.6549313300263,91.3450686699737,56.39966583251953,265922270.81019482,91.44100952148438
487,True,True,555.8620242506063,51.985390625,150.1303825378418,50.23390197753906,158.15135192871094,34.99957275390625,150.2540712495296,29.745928750470412,24.0675106048584,265922412.1681264,29.869617462158203
488,True,True,557.3609690317043,10.7060849609375,106.91481018066406,219.6957550048828,57.591190338134766,-35.81861877441406,107.07012662723302,72.92987337276698,41.55475616455078,265922774.54511082,73.08518981933594
489,True,False,557.9906305119965,12.1330673828125,125.39291381835938,126.24634552001953,178.72402954101562,-34.99833297729492,125.5615161221625,54.4384838778375,54.76988220214844,265923261.26734546,54.607086181640625
490,True,True,560.5263037509793,53.130875,90.21000671386719,219.5889129638672,2.712313175201416,-34.991493225097656,90.43211172301285,89.56788827698715,56.02784729003906,265923856.6426757,89.78999328613281
491,True,True,561.3457162277087,26.62352734375,161.5156536102295,297.161865234375,209.38819885253906,-35.39854049682617,161.75504822263414,18.244951777365852,40.19633483886719,265923969.84440053,18.484346389770508
492,True,True,561.563199934113,27.669115234375,139.91612243652344,159.50765991210938,95.89318084716797,-35.39950942993164,140.16010595513322,39.83989404486678,27.31740951538086,265923986.6441891,40.08387756347656
493,True,True,561.563199934113,12.81062890625,165.63326168060303,102.51591491699219,153.05172729492188,-35.39950942993164,165.8772451992128,14.12275480078719,40.50048828125,265923997.4675256,14.366738319396973
494,True,True,563.7939265373097,52.45487890625,98.40798950195312,204.24456787109375,304.6829528808594,-34.99917221069336,98.69904135189036,81.30095864810964,46.64374542236328,265924304.61494666,81.59201049804688
495,True,True,564.4099835952926,12.6345029296875,166.91113948822021,79.29904174804688,106.54290008544922,-34.99758529663086,167.2151901420809,12.784809857919111,42.83534240722656,265924378.8065695,13.088860511779785
496,True,False,564.6013268996813,20.796041015625,159.45423316955566,346.8414306640625,133.47789001464844,-34.99156188964844,159.76232116713894,20.23767883286106,53.550106048583984,265924415.29980373,20.545766830444336
497,True,True,565.1145631143477,64.51203125,162.75852584838867,256.0456848144531,145.08399963378906,-34.99534225463867,163.07744313010141,16.922556869898592,29.863340377807617,265924503.67634764,17.241474151611328
498,True,False,565.5823142119496,13.5506455078125,166.19068336486816,138.69630432128906,72.55821228027344,-34.996883392333984,166.5194701947403,13.4805298052597,27.389911651611328,265924892.3503054,13.809316635131836
499,True,True,565.1053402409366,11.596927734375,99.74750518798828,203.99635314941406,242.5825653076172,-34.99728012084961,100.06622786707204,79.93377213292796,48.191307067871094,265924998.0097823,80.25249481201172
500,True,False,561.6573190486025,11.6508447265625,119.49738693237305,213.6648712158203,196.82952880859375,-34.996925354003906,119.74335636429856,60.25664363570144,37.89885330200195,265925287.3238712,60.50261306762695
501,True,False,548.70483599863,22.162591796875,80.07794189453125,168.66148376464844,228.12278747558594,-35.003841400146484,80.05061393410234,99.94938606589766,65.35578918457031,265925908.19721538,99.92205810546875
502,True,True,539.5166760680223,15.0763125,109.17536163330078,87.45386505126953,269.89190673828125,-35.00371170043945,108.95416349833606,71.04583650166394,61.54735565185547,265926750.11726582,70.82463836669922
503,True,False,539.766792949092,11.010515625,151.3676471710205,329.53753662109375,2.0598459243774414,-35.00203323364258,151.15172650224633,28.848273497753652,63.4940071105957,265926855.16348478,28.632352828979492
504,True,False,543.8259759861253,11.788533203125,144.31147384643555,191.38128662109375,48.224159240722656,-34.995967864990234,144.18120193974278,35.81879806025721,16.91435432434082,265927277.48634264,35.68852615356445
505,True,True,556.4854329801641,11.225310546875,150.03639030456543,204.15255737304688,69.14965057373047,-24.75520133972168,150.1732329404469,29.82676705955311,12.065306663513184,265928291.60271284,29.96360969543457
506,True,True,556.6141951295592,93.7972421875,149.48981285095215,214.11537170410156,69.79112243652344,-14.527289390563965,149.62937236818584,30.370627631814152,20.536741256713867,265928313.22845218,30.51018714904785
507,True,True,557.0728965091706,28.1770625,96.8503646850586,14.033273696899414,289.756103515625,32.063358306884766,96.99960280140209,83.00039719859791,49.97573471069336,265928462.25929624,83.1496353149414
508,True,True,557.6261263735164,14.76303125,115.63506317138672,90.41829681396484,217.56765747070312,35.00429916381836,115.79597443786791,64.20402556213209,56.990535736083984,265928868.94429466,64.36493682861328
509,True,True,557.8436741200306,465.86640625,108.76907348632812,87.81237030029297,230.82562255859375,35.0028190612793,108.93457501026077,71.06542498973923,60.15839767456055,265928971.7310239,71.23092651367188
510,True,True,558.6979165418636,11.6557646484375,134.7487030029297,148.5667724609375,185.2640838623047,35.00005340576172,134.932229041963,45.06777095803699,69.33281707763672,265929236.60555536,45.25129699707031
511,True,False,559.5962440857016,11.8007236328125,88.62026977539062,24.628049850463867,340.5513916015625,35.00438690185547,88.82275052559893,91.17724947440107,56.33019256591797,265929436.752525,91.37973022460938
512,True,True,560.7421370952943,10.2593720703125,159.18797874450684,155.0552215576172,193.83526611328125,35.00870132446289,159.41463783721755,20.585362162782452,50.66290283203125,265929622.7551827,20.812021255493164
513,True,True,562.2964647653296,49.308359375,170.63257026672363,154.63038635253906,199.78298950195312,35.00577926635742,170.8920256732721,9.107974326727913,41.75226593017578,265929828.83943558,9.367429733276367
514,True,True,564.1232845883047,12.5931259765625,140.56230926513672,23.22113609313965,358.38519287109375,35.00182342529297,140.86031056994995,39.139689430050055,4.9741597175598145,265930073.43971068,39.43769073486328
515,True,True,559.7357254200465,16.1454833984375,159.23069953918457,206.517578125,242.07196044921875,35.0025749206543,159.43612334554754,20.56387665445245,52.99680709838867,265931151.39779425,20.76930046081543
516,True,True,552.0874711847165,10.2240263671875,98.3170166015625,330.0820007324219,105.33548736572266,35.00261688232422,98.36106224356001,81.63893775643999,47.73155975341797,265931490.65875897,81.6829833984375
517,True,True,541.4197274353411,12.6887626953125,155.92344856262207,295.8558044433594,253.832275390625,35.00141525268555,155.74240481150775,24.257595188492232,21.500431060791016,265932099.002367,24.07655143737793
518,True,True,539.589755512736,10.0301396484375,130.16812896728516,327.7729797363281,166.6688232421875,34.99666976928711,129.9484728086039,50.05152719139611,15.557646751403809,265932379.49422735,49.831871032714844
519,True,True,539.4897289547107,19.02242578125,122.30925750732422,305.4482116699219,209.0813446044922,34.995079040527344,122.08749078826861,57.91250921173138,30.64236068725586,265932431.69701296,57.69074249267578
520,True,True,539.5535713559043,10.4006630859375,140.58811569213867,336.2528076171875,160.3548583984375,35.046165466308594,140.36769604774827,39.632303952251746,4.390800476074219,265932516.4234813,39.41188430786133
521,True,False,540.0224839073381,12.6094287109375,91.62616729736328,321.52508544921875,211.6261749267578,35.16796112060547,91.41564170780812,88.58435829219188,54.72527313232422,265932650.6296169,88.37383270263672
522,True,False,542.8940632292794,12.60907421875,116.69345474243164,3.3855016231536865,192.7230224609375,34.9998664855957,116.54351947656943,63.456480523430564,32.805824279785156,265932941.50372607,63.30654525756836
523,True,True,543.2929239107573,37.71500390625,139.4386749267578,295.455322265625,333.5596923828125,35.0006103515625,139.29715562127478,40.70284437872521,28.08702278137207,265932977.23284712,40.56132507324219
524,True,False,545.9398115533835,15.32126171875,102.05426788330078,41.56529998779297,180.64593505859375,35.00390625,101.96859790707717,78.03140209292283,61.142486572265625,265933162.1960029,77.94573211669922
525,True,True,553.439784051871,11.2854072265625,109.29480743408203,331.6966552734375,311.05145263671875,34.99763488769531,109.36738687757651,70.63261312242349,41.139862060546875,265933645.92736304,70.70519256591797
526,True,False,557.6104425922177,17.041935546875,162.61795234680176,17.856287002563477,260.3265380859375,-35.00117492675781,162.77853268549757,17.221467314502448,52.29505920410156,265934663.5956709,17.382047653198242
527,True,True,557.7431741887152,25.316373046875,158.69134140014648,156.43386840820312,216.8953857421875,-35.00177001953125,158.85472237552838,21.145277624471625,25.179956436157227,265934721.1127879,21.308658599853516
528,True,True,561.0002297764007,20.449568359375,174.917414188385,76.37947845458984,184.77191162109375,-34.992225646972656,175.14951903666707,4.850480963332935,38.41367721557617,265935379.27277696,5.08258581161499
529,True,True,561.446493944662,13.597462890625,150.41200828552246,224.9890899658203,238.8234405517578,-35.1710090637207,150.65352930775484,29.34647069224517,12.243673324584961,265935417.36494797,29.58799171447754
530,True,True,562.1458113574462,10.6086533203125,165.5273780822754,166.7720947265625,144.70025634765625,-35.060142517089844,165.7836547019175,14.216345298082494,24.808231353759766,265935523.64914003,14.47262191772461
531,True,True,563.5635953520805,11.972828125,161.8204689025879,203.88595581054688,142.21746826171875,-34.99889373779297,162.1066607645168,17.89333923548321,16.924510955810547,265935701.6488599,18.17953109741211
532,True,False,563.7930778104624,10.5105185546875,111.14268493652344,224.49484252929688,279.0000915527344,-34.999752044677734,111.4337188783242,68.5662811216758,38.220489501953125,265935725.8409871,68.85731506347656
533,True,True,564.2433823299435,15.4920732421875,131.38619995117188,244.203125,226.334716796875,-35.000221252441406,131.6867353183337,48.31326468166632,31.93952751159668,265935785.50483444,48.613800048828125
534,True,True,564.8722734176409,10.7628291015625,126.74309539794922,213.6430206298828,263.12457275390625,-35.00107192993164,127.05690036706144,52.943099632938555,21.212268829345703,265935891.43222818,53.25690460205078
535,True,True,564.8722734176409,14.21705859375,140.53987884521484,249.03955078125,197.14088439941406,-35.00107192993164,140.85368381432707,39.14631618567293,30.708158493041992,265935892.28255698,39.460121154785156
536,True,False,565.5709357208289,31.905150390625,141.87227249145508,228.73641967773438,198.75071716308594,-35.00074768066406,142.20081923516457,37.799180764835434,19.852054595947266,265935990.6804504,38.12772750854492
537,True,True,566.0355206742573,17.31294921875,140.2898712158203,243.97596740722656,182.74063110351562,-34.99860382080078,140.62822070204714,39.371779297952855,31.03421974182129,265936125.74004847,39.71012878417969
538,True,True,565.2525083295867,33.207828125,119.63731002807617,100.91036224365234,12.495214462280273,-34.997276306152344,119.95913795383045,60.04086204616955,61.241676330566406,265936482.27947888,60.36268997192383
539,True,True,565.2525083295867,16.6564609375,145.57118225097656,262.2604675292969,145.47146606445312,-34.997276306152344,145.89301017673085,34.10698982326916,43.091854095458984,265936485.94809592,34.42881774902344
540,True,True,565.0076032280705,15.6017978515625,107.51810455322266,225.4761199951172,209.58660888671875,-34.998077392578125,107.83476498133494,72.16523501866506,50.4075813293457,265936518.42192253,72.48189544677734
541,True,False,562.4812094008751,16.596953125,161.37370681762695,172.58705139160156,80.01838684082031,-34.99699401855469,161.6370603359854,18.362939664014583,16.464162826538086,265936704.8796187,18.626293182373047
542,True,True,560.9944359043805,23.2688984375,131.6302261352539,194.5191192626953,203.640625,-34.99679946899414,131.86220873283634,48.137791267163664,19.6043758392334,265936801.87134105,48.369773864746094
543,True,True,554.2139762308066,38.36135546875,160.58857345581055,112.31520080566406,33.04071807861328,-34.998046875,160.67748835428057,19.322511645719434,26.994590759277344,265937141.96813786,19.411426544189453
544,True,True,552.2090027107515,17.054556640625,148.43364906311035,220.0174560546875,124.15052032470703,-34.99878692626953,148.48025902030722,31.51974097969279,31.046043395996094,265937228.21915272,31.56635093688965
545,True,True,539.4380928717751,21.6902109375,99.63350677490234,108.26265716552734,247.7566680908203,-35.00440979003906,99.4106505344968,80.5893494655032,58.2536735534668,265938177.31692627,80.36649322509766
546,True,True,539.4908148031993,11.891744140625,138.11322402954102,140.9791259765625,242.14466857910156,-35.00470733642578,137.89148022188851,42.10851977811148,11.219533920288086,265938257.20583794,41.886775970458984
547,True,True,543.9925453153022,11.2124150390625,168.7988634109497,210.10610961914062,344.2398986816406,-34.99657440185547,168.67210611710257,11.327893882897417,28.457307815551758,265938764.0188476,11.201136589050293
548,True,True,545.3275073109115,10.705626953125,117.9521598815918,192.68873596191406,92.50485229492188,-34.99706268310547,117.85357028585203,62.14642971414797,33.82658004760742,265938860.94767654,62.0478401184082
549,True,True,555.9634686684287,22.438939453125,117.85715866088867,219.1549835205078,55.92109680175781,-34.07408905029297,117.98298784979252,62.017012150207485,36.81450271606445,265939720.4457745,62.14284133911133
550,True,True,557.9041774606005,52.61166015625,86.81621551513672,25.2659969329834,314.1893615722656,35.003021240234375,86.98299365955539,93.01700634044461,58.12651824951172,265940532.38079372,93.18378448486328
551,True,True,558.2250688244177,11.282802734375,123.17408752441406,111.88164520263672,210.8704071044922,35.001991271972656,123.34763647660927,56.652363523390726,61.76706314086914,265940604.11297023,56.82591247558594
552,True,True,565.1351216345289,13.463978515625,171.60531902313232,12.408867835998535,209.86534118652344,34.998329162597656,171.9246700896209,8.075329910379116,26.658390045166016,265941612.73636323,8.394680976867676
553,True,True,565.5050263012317,30.192052734375,165.1878833770752,275.5329284667969,192.85723876953125,34.99966049194336,165.5150394320312,14.484960567968814,40.18818664550781,265941677.44853818,14.812116622924805
554,True,True,559.7568003799604,13.8042705078125,94.5741958618164,6.735928535461426,56.43734359741211,34.99977111816406,94.78006434983357,85.21993565016643,52.13983917236328,265942613.06729853,85.4258041381836
555,True,True,553.3112475994284,19.6305546875,118.9588394165039,54.70323181152344,354.105712890625,35.00185012817383,119.02870674085185,60.971293259148155,56.413673400878906,265942922.69293356,61.041160583496094
556,True,True,543.688687831771,15.532939453125,133.6339340209961,230.87562561035156,236.09376525878906,35.001991271972656,133.50076533424647,46.49923466575354,62.63192367553711,265943403.86314526,46.366065979003906
557,True,True,541.9948586249651,13.7894189453125,120.8425407409668,28.07783317565918,34.896827697753906,35.00381088256836,120.67363225795356,59.326367742046436,44.326560974121094,265943508.20103288,59.1574592590332
558,True,True,540.1255304238811,12.2632841796875,125.99346923828125,334.58282470703125,200.09115600585938,34.99848556518555,125.78511793022514,54.21488206977486,19.086238861083984,265944134.03601065,54.00653076171875
559,True,True,551.772395409661,12.2184208984375,135.67900466918945,277.0521240234375,19.905797958374023,34.99888229370117,135.7164022123333,44.2835977876667,48.556251525878906,265945015.89276293,44.32099533081055
560,True,True,552.5416418302871,79.925015625,112.03836822509766,349.45025634765625,282.1365051269531,34.99822235107422,112.09199686771672,67.90800313228328,33.49931716918945,265945069.7202478,67.96163177490234
561,True,True,556.5835698170899,30.357740234375,135.15915298461914,186.49282836914062,122.889404296875,-29.868816375732422,135.29806630775974,44.70193369224026,12.992318153381348,265945677.26720077,44.84084701538086
562,True,True,557.421532542051,10.1504609375,110.61251831054688,190.52212524414062,98.42091369628906,-35.0002555847168,110.76911264718414,69.23088735281586,35.722984313964844,265946136.63621184,69.38748168945312
563,True,True,558.0939370607355,56.92435546875,122.77282333374023,157.81478881835938,142.83810424804688,-35.0025749206543,122.94360540572175,57.056394594278245,39.55402374267578,265946340.75921836,57.227176666259766
564,True,False,558.3531321710175,25.07828515625,156.41673469543457,316.7694091796875,273.4705505371094,-35.00249481201172,156.59298578424304,23.40701421575696,48.154441833496094,265946398.30486557,23.58326530456543
565,True,False,566.0483117387112,10.6594677734375,90.10617065429688,177.83755493164062,279.89849853515625,-34.99846649169922,90.44479003198369,89.55520996801631,55.01446533203125,265947902.44671458,89.89382934570312
566,True,True,563.9711632298865,27.430759765625,94.11014556884766,137.95887756347656,312.9659118652344,-34.99742126464844,94.40493711299827,85.59506288700173,59.84502410888672,265948103.29765847,85.88985443115234
567,True,True,562.6216156539228,22.306552734375,113.78572845458984,238.17379760742188,179.14291381835938,-34.99650955200195,114.05204454488762,65.94795545511238,55.95341873168945,265948208.37340355,66.21427154541016
568,True,False,554.5098696989294,25.207064453125,128.18529510498047,133.82037353515625,313.3706359863281,-34.99675750732422,128.28045335562788,51.71954664437212,26.543432235717773,265948573.49220267,51.81470489501953
569,True,True,551.8053513331276,18.201861328125,110.70568084716797,168.0906524658203,234.8489990234375,-34.996768951416016,110.74377376029696,69.25622623970304,34.59013366699219,265948694.8495978,69.29431915283203
570,True,True,546.9136212672764,34.24230078125,120.95943832397461,170.2769012451172,207.86663818359375,-35.00242614746094,120.89431573271415,59.10568426728586,25.69896125793457,265948958.82235077,59.04056167602539
571,True,True,544.7020298710545,15.14275390625,147.07266998291016,292.49774169921875,74.0599136352539,-35.00182342529297,146.96088281318941,33.03911718681059,62.480533599853516,265949060.60344332,32.927330017089844
572,True,True,544.1968409380438,34.1695625,159.30293464660645,114.7298355102539,11.70340347290039,-35.000858306884766,159.18048799039917,20.81951200960083,23.27918243408203,265949083.03459236,20.697065353393555
573,True,True,539.3631237636815,12.6048505859375,84.0434799194336,151.584716796875,196.10791015625,-35.006839752197266,83.81904183084727,96.18095816915273,61.030914306640625,265949624.21218193,95.9565200805664
574,True,True,541.0409035259746,16.867505859375,159.42843627929688,155.05792236328125,338.7584533691406,-35.00253677368164,159.23939934369494,20.760600656305062,14.46014404296875,265949994.82841846,20.571563720703125
575,True,True,543.9544982854464,13.1509501953125,101.38264465332031,135.3778533935547,183.43093872070312,-34.997772216796875,101.25508456714323,78.74491543285677,48.70045471191406,265950236.80694118,78.61735534667969
576,True,True,547.153346666545,11.1954892578125,127.43761825561523,181.90501403808594,99.69255828857422,-34.99566650390625,127.37755387027934,52.622446129720664,20.15776824951172,265950435.6972101,52.562381744384766
577,True,True,552.3547781075334,11.9858779296875,127.57284545898438,103.97696685791016,219.6822052001953,-34.99601745605469,127.62253127705333,52.377468722946666,51.502769470214844,265950814.5494498,52.427154541015625
578,True,True,552.7102419662285,55.0376015625,90.37286376953125,136.25193786621094,164.4747314453125,-34.995452880859375,90.43004987501867,89.56995012498133,64.8844985961914,265950843.96582088,89.62713623046875
579,True,True,553.9595612861697,17.916763671875,101.81212615966797,156.1125946044922,147.307861328125,-34.99989318847656,101.89567290280615,78.10432709719385,47.85933303833008,265950946.02542248,78.18787384033203
580,True,True,554.9245885055785,14.9296484375,102.0825424194336,205.7400665283203,79.67143249511719,-34.99919891357422,102.1864512369013,77.8135487630987,45.552974700927734,265951088.38077796,77.9174575805664
581,True,True,556.4368048174221,52.71961328125,147.4965591430664,263.6839599609375,71.63504028320312,33.50950622558594,147.632375724714,32.36762427528599,54.226043701171875,265951429.01094848,32.503440856933594
582,True,True,556.8388598077271,22.759388671875,122.84402084350586,39.6802978515625,257.7543029785156,35.00929641723633,122.9883207854489,57.0116792145511,26.11707878112793,265951647.32374167,57.15597915649414
583,True,False,557.5603395588605,177.983203125,144.87489318847656,179.60130310058594,146.03067016601562,34.99955368041992,145.03441635316852,34.96558364683148,68.40504455566406,265951934.67104483,35.12510681152344
584,True,True,558.2882978353535,10.55043359375,118.26522445678711,111.03587341308594,218.68771362304688,35.00096130371094,118.44010754111306,61.55989245888693,64.8330307006836,265952136.98961297,61.73477554321289
585,True,True,559.1011976308465,14.2242060546875,139.04867553710938,16.037267684936523,21.160871505737305,35.00844192504883,139.24071080712025,40.75928919287976,8.348305702209473,265952282.3007783,40.951324462890625
586,True,True,549.2312299654442,138.4771875,102.46240997314453,352.3817443847656,75.93865966796875,35.001014709472656,102.4461889254154,77.5538110745846,43.770591735839844,265954561.71276915,77.53759002685547
587,True,True,541.2173300035082,21.7411484375,150.23448944091797,14.346711158752441,0.27055975794792175,35.00131607055664,150.04917510399198,29.950824896008008,21.561433792114258,265955059.72572365,29.76551055908203
588,True,False,539.5533320256393,20.6842265625,117.38460159301758,245.9425506591797,247.95315551757812,34.99984359741211,117.16417689875857,62.83582310124143,67.04782104492188,265955282.54114577,62.61539840698242
589,True,False,540.3973707230017,15.196759765625,120.82135391235352,64.00074005126953,93.47167205810547,34.99760437011719,120.61873843460884,59.38126156539115,63.43764877319336,265955638.37077677,59.178646087646484
590,True,True,542.1643826444964,15.2604755859375,173.7216944694519,236.8959503173828,37.003360748291016,34.999332427978516,173.55636294325078,6.443637056749221,36.912776947021484,265955844.65439728,6.278305530548096
591,True,True,542.9079151933034,10.2883837890625,155.12172508239746,299.4673767089844,4.526033401489258,35.00008773803711,154.97208209297617,25.027917907023838,22.576963424682617,265955885.74086887,24.87827491760254
592,True,True,544.1397304223357,16.64535546875,114.45692443847656,355.3521423339844,218.66226196289062,35.001380920410156,114.33327275038785,65.66672724961215,31.8115234375,265955988.35873672,65.54307556152344
593,True,False,545.0117782257149,17.841927734375,144.77875137329102,14.525684356689453,141.93150329589844,35.001827239990234,144.6734998938536,35.3265001061464,17.19156837463379,265956041.36594677,35.221248626708984
594,True,True,545.0117782257149,20.017669921875,159.56567764282227,311.7508239746094,32.17201614379883,35.001827239990234,159.46042616338485,20.53957383661515,20.710052490234375,265956056.3985208,20.434322357177734
595,True,True,551.2802228447724,14.677662109375,96.24055480957031,341.82647705078125,282.6424865722656,34.99934387207031,96.267567511595,83.732432488405,49.966278076171875,265956458.33662146,83.75944519042969
596,True,True,553.9531743528712,54.673640625,92.90523529052734,354.18072509765625,283.6457214355469,34.999755859375,92.98864726937293,87.01135273062707,52.496070861816406,265956689.06185845,87.09476470947266
597,True,True,555.8982852225756,37.4963359375,118.94833755493164,112.40950775146484,185.0286102294922,8.298383712768555,119.07279137312798,60.927208626872016,61.03340148925781,265957041.759182,61.05166244506836
598,True,True,557.0349726604255,13.1908310546875,107.81947326660156,180.5225372314453,113.08026123046875,-34.99636459350586,107.96791118973654,72.03208881026346,40.883033752441406,265957555.29350054,72.18052673339844
599,True,False,557.1978185842275,11.882423828125,145.52012634277344,194.32997131347656,176.5684356689453,-34.99961471557617,145.67200031490063,34.327999685099364,5.123086929321289,265957607.09234077,34.47987365722656
600,True,False,557.4899663557578,11.357185546875,140.51210403442383,122.59152221679688,193.81381225585938,-34.99956130981445,140.67014232453033,39.32985767546968,46.68145751953125,265957688.0403137,39.48789596557617
601,True,True,560.1833555108789,12.0516142578125,164.63428115844727,225.26272583007812,227.02906799316406,-34.99919509887695,164.84914995972682,15.15085004027319,21.118247985839844,265958181.79677734,15.365718841552734
602,True,True,540.1533472320559,22.062900390625,128.50142669677734,71.14110565185547,316.65557861328125,-35.009376525878906,128.29366232337372,51.706337676626276,55.67670440673828,265960905.30626133,51.498573303222656
603,True,True,548.4129433745361,14.2619580078125,134.00688552856445,289.70721435546875,352.1842041015625,-34.995670318603516,133.97339863376718,46.02660136623283,68.522216796875,265961991.84664515,45.99311447143555
604,True,True,552.5219106309928,35.736296875,155.65240478515625,9.985176086425781,291.1039123535156,-34.99690628051758,155.7056170994702,24.2943829005298,58.987552642822266,265962289.3093872,24.34759521484375
605,True,False,555.5538100104837,783.4940625,94.9148941040039,167.14317321777344,130.7157745361328,-33.12552261352539,95.03207949522512,84.96792050477488,55.19053649902344,265962668.78340122,85.0851058959961
606,True,True,558.1233968704436,29.9088359375,130.45254516601562,105.27690124511719,211.64231872558594,35.002174377441406,130.62394883998198,49.376051160018015,52.63584899902344,265963587.57490736,49.547454833984375
607,True,True,559.7737065585856,13.129533203125,145.82728958129883,23.639814376831055,108.88467407226562,35.00558853149414,146.033514789685,33.966485210315014,1.4112049341201782,265963858.7309753,34.17271041870117
608,True,True,539.6630932170326,12.8597021484375,95.592041015625,342.12750244140625,168.46072387695312,34.99733352661133,95.37393228250438,84.62606771749562,49.70773696899414,265966973.7685385,84.407958984375
609,True,True,540.0942295711637,19.487076171875,147.71045303344727,226.09503173828125,334.6903991699219,34.996768951416016,147.5014412773988,32.49855872260118,54.24858093261719,265967067.5243259,32.289546966552734
610,True,True,551.3755090438901,10.28842578125,153.30063438415527,168.5723876953125,87.42749786376953,34.9986457824707,153.32965762498137,26.670342375018645,61.61195755004883,265967920.1578745,26.699365615844727
611,True,True,553.4347480321467,21.03772265625,128.4161033630371,273.0057678222656,24.452232360839844,34.998714447021484,128.4885765465154,51.511423453484596,58.66538619995117,265968112.70539597,51.58389663696289
612,True,False,556.7086056105036,10.550052734375,151.77203941345215,135.25010681152344,214.08319091796875,-35.00716781616211,151.9135909918338,28.086409008166225,33.410011291503906,265968879.12657592,28.22796058654785
613,True,True,559.9461013727763,24.81796484375,155.0752944946289,300.5288391113281,255.37477111816406,-34.99625015258789,155.28515723359448,24.714842766405514,43.779396057128906,265969608.27784756,24.924705505371094
614,True,True,561.130829067068,26.496904296875,148.36949920654297,195.0626983642578,141.63534545898438,-34.99263000488281,148.6043596998581,31.395640300141896,6.289066791534424,265969768.67716727,31.63050079345703
615,True,True,561.378468799716,17.498697265625,91.42220306396484,243.4531707763672,328.109375,-34.99387741088867,91.66228875563885,88.33771124436115,62.14125442504883,265969780.14121065,88.57779693603516
616,True,True,561.8769159998021,14.9958173828125,145.06304550170898,183.86712646484375,99.16175842285156,-34.99290466308594,145.3136484293048,34.686351570695194,11.483284950256348,265969856.24944913,34.936954498291016
617,True,True,563.2154605983644,11.2974619140625,128.00935745239258,312.4752502441406,207.2062530517578,-34.99715805053711,128.28820367101807,51.71179632898193,69.72370910644531,265970010.5575368,51.99064254760742
618,True,True,563.4765756530674,16.726716796875,145.65656280517578,223.14657592773438,231.47073364257812,-34.998382568359375,145.9409185514555,34.0590814485445,12.04378604888916,265970022.1188055,34.34343719482422
619,True,True,563.4765756530674,12.971529296875,116.21221542358398,232.77203369140625,281.887451171875,-34.998382568359375,116.4965711698637,63.50342883013629,36.520015716552734,265970028.35381708,63.787784576416016
620,True,True,565.6308165371969,14.0994541015625,167.34186363220215,279.5804748535156,144.62034606933594,-34.99968719482422,167.671673861137,12.328326138862996,35.455902099609375,265970304.12782693,12.658136367797852
621,True,True,544.8681262467602,13.4018427734375,118.73631286621094,198.6031494140625,162.71682739257812,-34.99574661254883,118.62803033001758,61.37196966998242,40.19516372680664,265972002.42919278,61.26368713378906
622,True,True,541.7945027767834,31.4836640625,118.15650939941406,61.19816589355469,328.8802490234375,-35.00038146972656,117.98337340800418,62.01662659199581,69.12591552734375,265972190.19313574,61.84349060058594
623,True,True,540.0171395859675,19.833,106.922607421875,143.71139526367188,196.91897583007812,-35.005516052246094,106.71196906713891,73.28803093286109,39.345970153808594,265972759.12138298,73.077392578125
624,True,False,544.4690899988913,14.370564453125,146.38323974609375,137.08531188964844,250.75302124023438,-34.99809646606445,146.26653754507035,33.733462454929644,15.053442001342773,265973201.4666003,33.61676025390625
625,True,True,554.7313709815305,10.01631640625,151.34706115722656,142.271240234375,230.7884979248047,-34.9977912902832,151.44689308493685,28.553106915063143,23.43564224243164,265973990.4758283,28.652938842773438
626,True,True,556.4011206125066,18.112734375,139.8069953918457,105.6683120727539,170.6829833984375,35.15951919555664,139.9420590367696,40.05794096323041,50.00062561035156,265974487.65927395,40.1930046081543
627,True,False,556.6216441664892,17.686080078125,157.80288696289062,265.0278015136719,90.64661407470703,35.00770568847656,157.94260365480355,22.05739634519645,48.34414291381836,265974598.78392527,22.197113037109375
628,True,True,557.0397792503808,15.9013740234375,99.09652709960938,20.900850296020508,308.548095703125,35.00181579589844,99.2450664417924,80.7549335582076,45.87300491333008,265974776.11889955,80.90347290039062
629,True,True,558.7762979875696,10.150927734375,129.95579528808594,123.57450866699219,206.2976531982422,35.00041198730469,130.14097517562365,49.85902482437634,62.29569625854492,265975161.6959351,50.04420471191406
630,True,False,563.3163000007985,56.36402734375,159.33199501037598,293.6315002441406,158.91371154785156,35.00594711303711,159.61296894039282,20.387031059607175,39.43466567993164,265975757.5824733,20.668004989624023
631,True,True,563.5789490822496,18.9387421875,172.32199907302856,187.4176483154297,197.1248016357422,35.00523376464844,172.60851489866403,7.39148510133597,42.50846481323242,265975779.57457826,7.6780009269714355
632,True,True,563.8405474843976,219.55359375,101.70089721679688,330.9106750488281,78.43798065185547,35.00490951538086,101.99293276871767,78.00706723128233,58.32258987426758,265975803.1534791,78.29910278320312
633,True,True,565.3031324079294,19.83641015625,97.09051513671875,338.0445556640625,78.00138854980469,34.99879455566406,97.41341123052607,82.58658876947393,57.5305290222168,265975977.19379565,82.90948486328125
634,True,False,566.7266852822492,19.59726171875,119.03086471557617,346.9119873046875,90.43194580078125,34.99971389770508,119.38379777503164,60.61620222496837,31.402406692504883,265976261.04049414,60.96913528442383
635,True,True,566.84024774147,16.378751953125,140.11209106445312,24.879676818847656,341.56719970703125,34.99812698364258,140.46742029179813,39.53257970820186,10.011998176574707,265976299.89006576,39.887908935546875
636,True,True,542.1570735801084,15.12064453125,93.14488983154297,347.4009704589844,212.09654235839844,34.997711181640625,92.97940408408326,87.02059591591674,52.19576644897461,265978745.14136687,86.85511016845703
637,True,True,544.0888602213348,26.725908203125,161.23544120788574,319.932373046875,32.50415802001953,35.00035095214844,161.1107161585559,18.889283841444094,18.999914169311523,265978885.27812526,18.764558792114258
638,True,True,551.5030102239765,27.471115234375,158.046537399292,324.6777038574219,48.0521354675293,34.99700164794922,158.0782509150179,21.921749084982103,19.708621978759766,265979409.1241883,21.953462600708008
639,True,True,552.2292275024055,27.514548828125,153.01067543029785,94.75362396240234,126.08689880371094,34.99717712402344,153.05771213059862,26.942287869401394,45.376644134521484,265979479.19513524,26.98932456970215
640,True,True,554.234335323658,22.558603515625,122.3849868774414,312.09661865234375,354.6070251464844,34.997596740722656,122.47433135277059,57.52566864722941,42.95505905151367,265979681.1499634,57.615013122558594
641,True,True,556.5291615609309,12.49501953125,104.32008361816406,150.15371704101562,149.60716247558594,-35.007781982421875,104.4578489270997,75.5421510729003,56.29216766357422,265980342.34966478,75.67991638183594
642,True,True,557.0607650050189,14.1048916015625,144.4084358215332,105.00033569335938,209.39109802246094,-34.99884796142578,144.5574179631391,35.4425820368609,51.97407150268555,265980559.0584658,35.5915641784668
643,True,False,557.5012986466339,63.9398359375,122.97626113891602,145.59078979492188,157.28489685058594,-34.997825622558594,123.13453854035998,56.86546145964001,46.16215515136719,265980674.26757166,57.023738861083984
644,True,True,557.7718406433844,10.7133837890625,112.44895935058594,184.79434204101562,100.73460388183594,-34.99842834472656,112.61294518816135,67.38705481183865,35.92979431152344,265980725.20941746,67.55104064941406
645,True,True,560.7483738254082,26.0239140625,174.90621089935303,32.9944953918457,205.22418212890625,-34.99152755737305,175.13300158706915,4.86699841293086,40.05653762817383,265981165.52658606,5.093789100646973
646,True,True,561.5131583312142,15.297162109375,135.3733139038086,221.2971954345703,316.14898681640625,-34.991275787353516,135.61624154459722,44.383758455402784,14.386381149291992,265981263.32891774,44.626686096191406
647,True,False,565.1593257027098,48.694109375,169.5086030960083,16.40424919128418,131.76406860351562,-34.99858856201172,169.8284648683355,10.171535131664523,45.54869079589844,265981683.9495879,10.4913969039917
648,True,True,565.567544973343,12.7168466796875,121.40179061889648,231.74972534179688,194.43687438964844,-34.998653411865234,121.73026581783402,58.269734182165976,42.80731201171875,265982366.5852303,58.598209381103516
649,True,True,564.9323196068492,199.94503125,82.59228515625,183.5968017578125,264.91650390625,-34.99762725830078,82.90735709995452,97.09264290004548,62.491336822509766,265982428.41214275,97.40771484375
650,True,True,563.7557946082724,15.2111865234375,130.14835357666016,134.60943603515625,346.060791015625,-34.9981575012207,130.4386008428947,49.5613991571053,30.968889236450195,265982519.1801091,49.851646423339844
651,True,True,562.8331674087667,36.57169140625,122.00648498535156,165.4894561767578,282.1667785644531,-34.998382568359375,122.27726481767654,57.72273518232346,23.669158935546875,265982595.12081224,57.99351501464844
652,True,True,539.6796606778522,14.491595703125,172.09290981292725,48.63733673095703,8.860599517822266,-35.009525299072266,171.87515065322992,8.124849346770072,37.817039489746094,265983930.76241466,7.907090187072754
653,True,False,539.5321517582137,13.924203125,157.42204666137695,357.6182861328125,5.108726978302002,-35.0102653503418,157.20117506347526,22.79882493652474,56.38337326049805,265984008.12670183,22.577953338623047
654,True,True,539.5027514491595,11.4502431640625,136.38590621948242,183.63583374023438,117.67581939697266,-35.01142883300781,136.1644142750597,43.835585724940316,19.992448806762695,265984024.6790294,43.61409378051758
655,True,True,539.5753038443419,12.1988955078125,103.08424377441406,153.1494903564453,189.67047119140625,-35.01154327392578,102.86428268552967,77.13571731447033,41.97706985473633,265984124.14682662,76.91575622558594
656,True,True,555.5285029571747,10.8214716796875,98.74381256103516,210.163818359375,84.04951477050781,-23.600889205932617,98.86046397343155,81.13953602656845,68.77120208740234,265985698.48505935,81.25618743896484
657,True,False,558.1756685297061,11.4595390625,136.47361373901367,124.8963623046875,195.81236267089844,35.00129318237305,136.64612034499046,43.35387965500953,58.06673812866211,265986564.91291952,43.52638626098633
658,True,True,558.3503783330203,19.1936484375,121.34869384765625,74.97982025146484,246.93490600585938,34.99906921386719,121.52488683048298,58.47511316951702,41.855777740478516,265986577.9475189,58.65130615234375
659,True,True,559.3353987658509,11.5234443359375,142.61332321166992,100.29269409179688,215.50003051757812,35.01131820678711,142.81030012562937,37.189699874370625,42.0439453125,265986742.55500007,37.38667678833008
660,True,True,560.748335083807,26.088810546875,136.07303619384766,64.93291473388672,261.2334289550781,35.00807189941406,136.299826064116,43.70017393588402,26.54624366760254,265986927.71747237,43.926963806152344
661,True,True,561.0013349489284,24.443466796875,140.57092666625977,322.45452880859375,99.74797058105469,35.00712203979492,140.80305483368215,39.196945166317846,36.68952178955078,265986946.19349745,39.429073333740234
662,True,False,566.04126782657,16.1036962890625,154.8511028289795,321.16552734375,168.27676391601562,35.000038146972656,155.1895735801201,24.81042641987988,27.96399688720703,265987551.66082078,25.148897171020508
663,True,True,566.3799636302778,11.414576171875,153.40888023376465,310.87469482421875,170.52630615234375,35.003421783447266,153.75449746636352,26.24550253363649,32.04106140136719,265987611.5777911,26.59111976623535
664,True,True,566.5227250569595,18.832513671875,115.57218170166016,14.437559127807617,39.270729064941406,35.00495529174805,115.920811200362,64.079188799638,29.426673889160156,265987624.6680868,64.42781829833984
665,True,True,566.9512299525045,16.0080546875,113.23672485351562,0.11002454161643982,65.87821197509766,35.001220703125,113.59439580551347,66.40560419448653,32.46068572998047,265987810.3476811,66.76327514648438
666,True,True,566.6144473017946,34.4937109375,141.78119277954102,0.35306400060653687,96.54714965820312,34.999385833740234,142.13175761760888,37.86824238239112,4.046293258666992,265987970.6140078,38.218807220458984
667,True,True,563.2583245522634,12.355958984375,132.67971801757812,354.28826904296875,72.90372467041016,35.002445220947266,132.95946866563088,47.04053133436912,12.354430198669434,265988291.27800643,47.320281982421875
668,True,True,562.780292575304,13.6039697265625,118.07427597045898,291.0256042480469,157.80885314941406,35.00254821777344,118.34394014379791,61.6560598562021,51.96406173706055,265988322.9465339,61.925724029541016
669,True,True,561.7505365658717,19.427185546875,111.69047546386719,307.8851318359375,137.16773986816406,35.003265380859375,111.93841178540708,68.06158821459292,46.81064224243164,265988385.23817858,68.30952453613281
670,True,True,561.2033864385911,11.56656640625,121.28241729736328,335.5962219238281,106.8062744140625,35.00211715698242,121.51880875121756,58.481191248782444,26.126054763793945,265988426.99936956,58.71758270263672
671,True,True,558.1762792311166,22.074375,101.8145523071289,322.7363586425781,114.2533187866211,35.002559661865234,101.98707179890546,78.01292820109454,47.38421630859375,265988555.82900846,78.1854476928711
672,True,True,546.5756359865052,39.91427734375,80.59660339355469,347.5934143066406,247.4033203125,35.002685546875,80.52434931286994,99.47565068713006,64.3788070678711,265990541.7084562,99.40339660644531
673,True,True,548.8232618214656,10.8701728515625,127.44826889038086,257.9183654785156,11.791939735412598,34.99765396118164,127.42343971481378,52.57656028518622,62.05426788330078,265990693.61884388,52.55173110961914
674,True,True,554.7798123678227,14.0867255859375,121.35879516601562,31.410049438476562,232.23394775390625,34.997928619384766,121.45964920697668,58.540350793023315,28.822093963623047,265991248.29410398,58.641204833984375
675,True,True,555.7653575073931,20.350216796875,114.64490509033203,167.72190856933594,133.8250732421875,-11.260510444641113,114.76655413373803,65.23344586626197,48.33885955810547,265991532.9548103,65.35509490966797
676,True,True,556.3063919316477,25.851453125,103.39205169677734,132.73410034179688,165.3427276611328,-35.00166320800781,103.5251165665351,76.4748834334649,66.4660873413086,265991793.4504374,76.60794830322266
677,True,True,556.773029888925,12.9087978515625,121.25039672851562,237.29832458496094,19.554819107055664,-34.996341705322266,121.39330765917194,58.60669234082806,33.9190559387207,265991956.61322615,58.749603271484375
678,True,True,557.7064236337544,24.408634765625,91.57921600341797,225.31060791015625,42.66584396362305,-34.99873352050781,91.7418215420902,88.2581784579098,55.921478271484375,265992196.0466809,88.42078399658203
679,True,True,557.9642543290888,15.2285712890625,129.8358383178711,134.89093017578125,167.36065673828125,-34.998817443847656,130.00388408421486,49.99611591578513,47.75843048095703,265992230.3838135,50.164161682128906
680,True,True,558.8143374164595,24.0237265625,126.92010498046875,237.21510314941406,349.3251647949219,-34.996238708496094,127.10608749995605,52.89391250004395,27.97588539123535,265992406.5778368,53.07989501953125
681,True,True,559.0166663231325,24.321021484375,144.71231079101562,84.63079071044922,196.16517639160156,-34.99559783935547,144.90256245043372,35.09743754956628,60.15782165527344,265992420.04218948,35.287689208984375
682,True,True,560.1482674688941,13.6763837890625,149.5456714630127,126.31218719482422,164.25579833984375,-34.99272155761719,149.75979990660636,30.24020009339364,40.422115325927734,265992574.402837,30.454328536987305
683,True,True,560.3905949763569,14.3203427734375,116.29216003417969,198.1263427734375,45.41319274902344,-34.99209213256836,116.51140158818082,63.48859841181918,29.187101364135742,265992591.9996367,63.70783996582031
684,True,True,561.1553765229273,36.03516015625,157.61621475219727,158.0965576171875,156.7808380126953,-34.99100875854492,157.85159319683103,22.148406803168967,24.83858299255371,265992691.5893442,22.383785247802734
685,True,True,564.9030759286105,15.2695439453125,108.26507568359375,209.92868041992188,300.1453857421875,-34.99907302856445,108.57953058568744,71.42046941431256,37.57828903198242,265993104.57160553,71.73492431640625
686,True,True,566.5143024054676,10.2121884765625,147.96808624267578,263.40814208984375,173.02908325195312,-34.9964714050293,148.31653802343115,31.683461976568854,36.71615219116211,265993340.62469602,32.03191375732422
687,True,True,566.9312949144612,12.9196591796875,145.24955368041992,241.41664123535156,178.09390258789062,-34.99671173095703,145.60680400311506,34.39319599688495,28.178892135620117,265993460.12266213,34.75044631958008
688,True,True,566.9993579120533,14.8931025390625,147.96694946289062,273.85888671875,156.1144256591797,-34.997467041015625,148.32563591483495,31.674364085165053,43.72541046142578,265993526.345613,32.033050537109375
689,True,True,566.189115818491,14.7929833984375,135.02358627319336,171.85667419433594,315.21063232421875,-34.99773025512695,135.3651766169635,44.63482338303648,12.050004959106445,265993756.91881508,44.97641372680664
690,True,False,559.0920946248584,13.6508798828125,107.12976837158203,168.57884216308594,257.9819641113281,-34.998897552490234,107.32161156816655,72.67838843183345,37.82529067993164,265994251.84477004,72.87023162841797
691,True,True,551.7508011015452,21.187224609375,95.01863861083984,115.73724365234375,299.0579833984375,-35.0003776550293,95.05558051408245,84.94441948591755,61.472251892089844,265994594.3186718,84.98136138916016
692,True,True,540.2607938955563,16.2784990234375,146.96733856201172,47.15517807006836,349.4779357910156,-35.00469970703125,146.76184131320795,33.23815868679204,53.49619674682617,265995286.3493947,33.03266143798828
693,True,True,541.3904656070941,17.6722265625,168.5586986541748,29.607812881469727,330.4313659667969,-35.00196075439453,168.37703747848448,11.62296252151551,43.03971481323242,265995878.5930393,11.441301345825195
694,True,True,563.9225133704745,13.0601123046875,121.44452667236328,35.26701736450195,344.88031005859375,34.999427795410156,121.73829170448029,58.26170829551971,25.505645751953125,265998707.26457298,58.55547332763672
695,True,True,565.6763236673105,144.98653125,126.77787399291992,300.9321594238281,132.70005798339844,35.000511169433594,127.10864442230017,52.89135557769983,53.41364669799805,265998915.79434535,53.22212600708008
696,True,True,567.0861835643796,10.7349873046875,150.18058013916016,304.3644714355469,174.60177612304688,34.9976806640625,150.54109861236856,29.458901387631435,33.9483642578125,265999241.82015485,29.819419860839844
697,True,True,566.7058795807515,12.7453046875,134.3159065246582,292.41650390625,165.69631958007812,35.00353240966797,134.66840058381206,45.33159941618794,45.601295471191406,265999431.3486303,45.6840934753418
698,True,False,565.5492018822297,21.46082421875,116.65316390991211,20.553316116333008,27.8266658782959,34.99953079223633,116.98125206962715,63.01874793037285,32.15764236450195,265999583.38254246,63.34683609008789
699,True,True,539.9222242145902,46.6338203125,130.65912246704102,313.795654296875,187.8422393798828,34.996238708496094,130.44648139796885,49.55351860203113,19.847026824951172,266001095.8536092,49.340877532958984
700,True,True,539.5279413874666,12.70353515625,155.03915786743164,208.65415954589844,309.3846435546875,34.99256896972656,154.8181974307072,25.181802569292813,53.15559387207031,266001246.99378046,24.96084213256836
701,True,True,539.533326320254,10.6452177734375,118.03053283691406,332.58544921875,162.86021423339844,34.992652893066406,117.80968602227142,62.19031397772858,27.100744247436523,266001269.03846708,61.96946716308594
702,True,True,543.8127320142445,11.04224609375,159.1894874572754,206.15553283691406,34.22874450683594,34.99974822998047,159.05893610277596,20.94106389722405,51.904850006103516,266001807.87551245,20.81051254272461
703,True,True,550.7490870017148,57.1384375,89.8419418334961,3.911156177520752,250.51876831054688,34.99952697753906,89.85774756923227,90.14225243076773,55.54125213623047,266002288.91920614,90.1580581665039
704,True,True,556.0668461009893,45.720546875,122.46731948852539,129.57444763183594,184.1860809326172,-35.62709045410156,122.59532994125627,57.40467005874373,52.433616638183594,266003159.51464617,57.53268051147461
705,True,True,556.1860786000267,10.815783203125,110.05870819091797,172.9709014892578,128.59970092773438,-35.020538330078125,110.18923444937853,69.81076555062147,40.457340240478516,266003208.82720926,69.94129180908203
706,True,True,558.0379688991595,45.31817578125,132.53416061401367,144.8670654296875,161.690185546875,-34.99931716918945,132.70376175778594,47.29623824221406,40.421897888183594,266003719.21152642,47.46583938598633
707,True,False,560.1598530153708,55.766203125,160.59671211242676,238.4371337890625,244.9030303955078,-34.99361038208008,160.8110850110511,19.18891498894892,21.204776763916016,266004039.60141683,19.403287887573242
708,True,True,560.9301856343914,10.9902373046875,151.74611473083496,151.79164123535156,152.2756805419922,-34.99197006225586,151.97674164772062,28.02325835227938,27.853744506835938,266004103.01902065,28.25388526916504
709,True,False,562.8689009949832,19.956220703125,161.60113143920898,177.95892333984375,148.54931640625,-34.99882507324219,161.87266525020314,18.12733474979687,19.7453670501709,266004326.05583835,18.398868560791016
710,True,True,563.4331003656074,24.38996875,140.61568450927734,128.60780334472656,100.55621337890625,-34.99787521362305,140.89912292699165,39.10087707300834,42.679439544677734,266004372.05573288,39.384315490722656
711,True,True,565.3151978369972,55.99104296875,139.7309226989746,204.75193786621094,276.1614990234375,-34.999549865722656,140.05407337333526,39.94592662666475,6.458795070648193,266004599.82911906,40.26907730102539
712,True,True,566.7465274931964,14.849083984375,114.0186996459961,215.87887573242188,262.2646179199219,-34.994544982910156,114.37205137610253,65.62794862389747,34.8526496887207,266004796.4356479,65.9813003540039
713,True,True,567.2589377196639,11.15505859375,98.12672424316406,206.42942810058594,266.18389892578125,-34.99751663208008,98.49088782904897,81.50911217095103,48.66173553466797,266004966.14105314,81.87327575683594
714,True,True,567.3020610632925,10.303486328125,129.0252571105957,239.7352752685547,200.04261779785156,-34.99711227416992,129.3903305990312,50.609669400968826,37.24625778198242,266005004.80129012,50.9747428894043
715,True,True,565.1121464049553,14.1930830078125,109.69776153564453,232.41482543945312,198.9090576171875,-34.99628829956055,110.01662782478908,69.98337217521092,54.02220916748047,266005380.17134342,70.30223846435547
716,True,False,563.4176866303266,20.722927734375,100.34418487548828,214.25091552734375,216.45074462890625,-34.99722671508789,100.62729806338817,79.37270193661183,54.47194290161133,266005485.69428486,79.65581512451172
717,True,True,552.7933406447213,10.1624951171875,107.75362396240234,156.5099334716797,256.4962463378906,-34.9997444152832,107.81256345000597,72.18743654999403,37.39833068847656,266006004.4630303,72.24637603759766
718,True,True,539.5269129778018,15.876373046875,101.51820373535156,151.60394287109375,198.9039764404297,-35.00537109375,101.29722159918317,78.70277840081683,43.58453369140625,266006972.94318518,78.48179626464844
719,True,False,542.5349247214028,12.15534375,109.9661636352539,137.18841552734375,192.4656982421875,-34.99168395996094,109.80865054687551,70.19134945312449,39.55564880371094,266007455.02697238,70.0338363647461
720,True,True,557.1800958609034,12.90894921875,109.9389419555664,76.99403381347656,240.41659545898438,35.00240707397461,110.09044197823147,69.90955802176853,52.55351257324219,266009303.12739018,70.0610580444336
721,True,True,560.4166688865679,51.68478515625,123.68170547485352,101.03059387207031,240.408203125,35.01099395751953,123.9014971883601,56.098502811639904,55.16092300415039,266009778.69615957,56.318294525146484
722,True,False,560.4166688865679,14.3243525390625,144.3465461730957,2.7325828075408936,78.4215087890625,35.01099395751953,144.5663378866023,35.433662113397716,12.95119571685791,266009788.7870679,35.6534538269043
723,True,True,560.679286123098,18.49024609375,142.8400421142578,79.63430786132812,235.73663330078125,35.0081787109375,143.0653750514552,36.93462494854482,31.461566925048828,266009829.10557735,37.15995788574219
724,True,True,561.7785764293312,12.374498046875,123.39958572387695,11.378325462341309,22.028793334960938,35.007179260253906,123.64811368653585,56.351886313464156,23.303869247436523,266009947.30210194,56.60041427612305
725,True,True,564.6300324471547,12.245044921875,108.90885162353516,25.848281860351562,8.875463485717773,34.99845886230469,109.21754530817012,70.78245469182988,36.3249397277832,266010237.13200095,71.09114837646484
726,True,True,565.8978225232586,35.27383203125,108.32642364501953,336.0784606933594,85.88803100585938,34.998687744140625,108.66186770026029,71.33813229973971,48.233882904052734,266010381.78019395,71.67357635498047
727,True,True,567.0330823236426,23.762837890625,155.82928085327148,326.0223388671875,175.62245178222656,34.99728775024414,156.18867889030034,23.81132110969966,24.842491149902344,266010574.74301186,24.170719146728516
728,True,True,567.4067089983107,14.1664482421875,88.57425689697266,51.79307174682617,0.34294813871383667,35.00216293334961,88.94153845683701,91.05846154316299,65.7564926147461,266010671.87281445,91.42574310302734
729,True,True,567.4458475577826,12.7967890625,152.6269359588623,358.896240234375,199.7410888671875,35.0018424987793,152.9950433423315,27.004956657668483,9.188369750976562,266010730.5794399,27.373064041137695
730,True,True,567.4022848988091,10.3248291015625,95.74771881103516,351.0596923828125,73.85021209716797,34.997745513916016,96.11490702240003,83.88509297759997,50.894874572753906,266010800.0688973,84.25228118896484
731,True,True,567.3317375965944,32.104359375,120.38479614257812,97.36445617675781,305.1883239746094,34.998146057128906,120.75049580586627,59.249504194133735,66.18150329589844,266010828.41742408,59.615203857421875
732,True,True,562.624863938281,16.7058671875,111.80760192871094,58.549720764160156,349.9402160644531,35.00212097167969,112.07398655780867,67.92601344219133,58.553550720214844,266011283.34159926,68.19239807128906
733,True,True,559.0883406380618,11.766599609375,102.4207763671875,316.50811767578125,121.78490447998047,35.001163482666016,102.6125403546506,77.3874596453494,49.14964294433594,266011457.50516334,77.5792236328125
734,True,True,558.4430701753433,10.58682421875,105.64230346679688,62.18988037109375,353.75140380859375,35.001708984375,105.82045224749662,74.17954775250338,68.86184692382812,266011498.73757437,74.35769653320312
735,True,True,547.150729236284,16.0683359375,117.19796371459961,66.0650405883789,353.999755859375,35.00165557861328,117.1378441014852,62.8621558985148,67.31082916259766,266012000.33779657,62.80203628540039
736,True,True,539.5609258948775,16.620265625,167.64090156555176,69.66532135009766,1.8558517694473267,34.99300003051758,167.42063710193366,12.579362898066327,37.63302230834961,266012764.36860013,12.359098434448242
737,True,False,550.690119635342,14.328505859375,93.4253921508789,352.3470458984375,266.06494140625,34.997737884521484,93.43995367518463,86.56004632481537,51.64544677734375,266013775.7402942,86.5746078491211
738,True,False,553.1786589704291,31.08187890625,148.45131301879883,318.0488586425781,27.485654830932617,34.99934387207031,148.5183827230749,31.481617276925117,25.003389358520508,266014028.53795633,31.548686981201172
739,True,False,553.4044874976337,81.633921875,92.71055603027344,52.52231979370117,216.6061553955078,34.99994659423828,92.78239071647351,87.21760928352649,64.88373565673828,266014052.49515045,87.28944396972656
740,True,True,555.3239712852068,16.405236328125,102.83600616455078,153.04913330078125,147.71104431152344,-26.034698486328125,102.94834195866865,77.05165804133135,59.24266815185547,266014510.87127578,77.16399383544922
741,True,True,557.8817753190664,46.71649609375,98.99639892578125,257.29315185546875,1.16783607006073,-34.9981689453125,99.16270438501355,80.83729561498645,61.42616653442383,266015189.72034362,81.00360107421875
742,True,False,560.4177150626219,34.90515625,118.65789413452148,195.03497314453125,54.83872604370117,-34.9957160949707,118.87770792234281,61.12229207765719,27.365488052368164,266015507.13269243,61.342105865478516
743,True,True,560.4177150626219,10.7759228515625,107.84894561767578,200.27658081054688,41.130985260009766,-34.9957160949707,108.0687594054971,71.9312405945029,37.34430694580078,266015520.25471407,72.15105438232422
744,True,True,560.6902453957282,16.1260947265625,152.05574989318848,143.084228515625,158.0721893310547,-34.9954948425293,152.28131407103834,27.71868592896166,31.808019638061523,266015548.01013276,27.944250106811523
745,True,True,561.5254879379391,30.321890625,119.54525375366211,192.244140625,40.70252227783203,-34.99576187133789,119.78844154915262,60.21155845084738,26.89194679260254,266015640.19985002,60.45474624633789
746,True,True,561.8136140949964,11.1019638671875,163.4388656616211,275.94720458984375,224.1319580078125,-34.996185302734375,163.68813291902552,16.311867080974483,33.238346099853516,266015654.99140203,16.561134338378906
747,True,True,562.3917403811814,12.2419384765625,164.19127655029297,135.1492462158203,154.5022735595703,-34.996315002441406,164.4527422723359,15.547257727664103,32.27823257446289,266015729.68632776,15.808723449707031
748,True,True,562.9874847523217,12.26073046875,109.7947998046875,146.41818237304688,69.34765625,-34.997371673583984,110.06883573296149,69.93116426703851,54.91901779174805,266015774.40906703,70.2052001953125
749,True,True,565.5365545523023,15.504498046875,167.2244529724121,203.60777282714844,139.00660705566406,-35.00099182128906,167.55227427346568,12.447725726534312,22.373106002807617,266016068.37542737,12.77554702758789
750,True,True,566.8668275165713,34.961859375,123.99230194091797,214.80792236328125,259.9599914550781,-35.001869201660156,124.34819200151762,55.651807998482376,25.158061981201172,266016228.51770294,56.00769805908203
751,True,True,567.5816971635018,27.334646484375,166.57590198516846,219.1950225830078,126.6356430053711,-34.99589157104492,166.94687579531833,13.053124204681655,24.0782527923584,266016403.61016923,13.424098014831543
752,True,False,567.5802135842977,12.7398798828125,119.59243392944336,197.6085662841797,261.0606689453125,-34.999298095703125,119.96337643607204,60.03662356392796,26.621625900268555,266016547.8536817,60.40756607055664
753,True,False,554.5430628933743,12.2617080078125,106.88219451904297,148.62933349609375,272.7314758300781,-34.99904251098633,106.97805314609317,73.02194685390683,39.54188537597656,266017409.48381323,73.11780548095703
754,True,True,542.283206701519,11.560357421875,146.80202865600586,244.04388427734375,91.09480285644531,-35.009071350097656,146.63920431740792,33.36079568259209,46.52949142456055,266018047.8261808,33.19797134399414
755,True,True,540.4445638071685,24.37398046875,104.64442443847656,135.37646484375,237.94781494140625,-35.0066032409668,104.44280473480782,75.55719526519218,42.93146896362305,266018226.80321786,75.35557556152344
756,True,True,540.5865438622501,13.1131025390625,111.27107238769531,153.11361694335938,178.9518585205078,-35.00160598754883,111.07244846318879,68.92755153681121,33.9957275390625,266018733.28861353,68.72892761230469
757,True,True,545.5195898953432,11.0097578125,137.3072738647461,180.62466430664062,85.86842346191406,-34.99401092529297,137.21273721153784,42.787262788462165,11.772577285766602,266019141.44905707,42.692726135253906
758,True,True,558.2273307774133,73.2834296875,168.90683841705322,171.4722442626953,149.72247314453125,35.003509521484375,169.08043509645665,10.919564903543357,44.627384185791016,266020965.02225247,11.093161582946777
759,True,False,558.6644459877566,44.37489453125,136.4640884399414,21.546958923339844,344.626220703125,35.00527572631836,136.64690825028308,43.35309174971693,8.863240242004395,266021042.76692888,43.535911560058594
760,True,True,559.1330343307732,14.808544921875,94.84248352050781,41.10411071777344,310.1073303222656,35.00426483154297,95.03519054488713,84.96480945511287,51.62446594238281,266021101.85113603,85.15751647949219
761,True,False,562.1496786989273,140.818890625,147.13068389892578,131.7374267578125,215.25906372070312,35.00520324707031,147.38704211947316,32.61295788052685,53.72822189331055,266021431.66873893,32.86931610107422
762,True,True,567.6396887535411,164.959734375,145.87729263305664,343.6309509277344,149.30772399902344,34.99968338012695,146.24949006575636,33.75050993424364,15.544486045837402,266022105.3468595,34.12270736694336
763,True,True,567.7898069994058,47.4003515625,124.5875015258789,356.2398376464844,77.77261352539062,35.00136947631836,124.96286645356636,55.03713354643363,22.127939224243164,266022202.89711434,55.412498474121094
764,True,True,566.8736613858434,11.3317958984375,125.53676986694336,348.1141662597656,92.3985595703125,34.99809265136719,125.89280412218466,54.10719587781534,21.63113784790039,266022434.32287082,54.46323013305664
765,True,True,562.4250321308525,32.376130859375,115.62572479248047,326.42584228515625,116.80972290039062,34.99990463256836,115.88789297044146,64.11210702955854,34.640907287597656,266022784.10786137,64.37427520751953
766,True,True,561.860844603057,11.3061767578125,110.04833984375,297.3630065917969,146.39491271972656,34.99985122680664,110.2986036648745,69.7013963351255,52.96327590942383,266022809.7498479,69.95166015625
767,True,True,556.0612127323793,23.455912109375,101.85118865966797,309.9718933105469,129.9790496826172,35.00159454345703,101.97908024832117,78.02091975167883,50.76469039916992,266023072.22064134,78.14881134033203
768,True,False,553.2853716623938,31.783720703125,98.36363220214844,22.187641143798828,38.559818267822266,35.00162887573242,98.43295354422494,81.56704645577506,56.60866928100586,266023186.61343294,81.63636779785156
769,True,True,540.4503408279743,32.259291015625,96.12226867675781,333.38055419921875,127.95856475830078,35.0011100769043,95.92077086822808,84.07922913177192,48.94386291503906,266023932.9479176,83.87773132324219
770,True,True,539.5926852672998,36.06576171875,90.11273193359375,338.87518310546875,163.88262939453125,34.99520492553711,89.89313759273378,90.10686240726622,54.988487243652344,266024274.61547118,89.88726806640625
771,True,False,545.7914514373526,10.1317802734375,162.57816314697266,76.76697540283203,91.10853576660156,35.002498626708984,162.4893627723008,17.510637227699203,38.54238510131836,266024898.66807306,17.421836853027344
772,True,True,547.5253499592109,23.823373046875,160.14475059509277,162.9992218017578,72.9095230102539,35.00395202636719,160.0925354792321,19.907464520767878,54.77616882324219,266025023.73095825,19.855249404907227
773,True,False,551.3840296806358,34.4118828125,166.494158744812,352.3511047363281,78.96469116210938,34.99915313720703,166.52336177107344,13.476638228926573,21.666913986206055,266025311.5358108,13.505841255187988
774,True,True,551.698557305221,16.3281943359375,116.65669631958008,283.61181640625,359.7314758300781,34.998573303222656,116.69253587872024,63.30746412127976,60.65402603149414,266025343.85251307,63.34330368041992
775,True,True,555.4250614519325,13.1327197265625,153.05692672729492,86.36064147949219,236.6338653564453,-35.892417907714844,153.1713955239307,26.8286044760693,51.597572326660156,266026094.0393353,26.943073272705078
776,True,False,556.4328548188995,11.653966796875,165.365984916687,309.4536437988281,278.5633544921875,-35.00361251831055,165.5017181533658,14.498281846634208,41.08250427246094,266026399.82858455,14.634015083312988
777,True,True,556.7147100621394,15.7831142578125,116.69805145263672,136.3778076171875,163.19564819335938,-35.001197814941406,116.83973183494786,63.16026816505214,55.886634826660156,266026451.23771295,63.30194854736328
778,True,True,567.2207038123928,88.18503125,136.88645553588867,219.37461853027344,229.9156494140625,-35.0014533996582,137.24981238633018,42.75018761366984,17.454364776611328,266027695.02834043,43.11354446411133
779,True,True,567.5456612733889,17.5381640625,136.65527725219727,275.9863586425781,181.9683074951172,-35.001502990722656,137.02549070506578,42.97450929493423,49.813533782958984,266027748.466347,43.344722747802734
780,True,True,567.5456612733889,12.200634765625,134.57910537719727,241.6080322265625,205.8321533203125,-35.001502990722656,134.94931883006578,45.05068116993423,32.39720916748047,266027764.84907165,45.420894622802734
781,True,True,567.7888546244284,16.592470703125,149.337646484375,257.83184814453125,169.5583038330078,-35.002315521240234,149.71299131695045,30.28700868304956,34.74153518676758,266027817.3355232,30.662353515625
782,True,True,560.6726234253337,10.088919921875,153.80799865722656,258.2566833496094,122.0663070678711,-34.996742248535156,154.03319101150112,25.966808988498897,42.62687683105469,266028614.8738321,26.192001342773438
783,True,True,553.2125428789758,34.29607421875,78.66902923583984,173.03302001953125,238.1919403076172,-34.999515533447266,78.73681389058623,101.26318610941377,67.00688171386719,266028918.95136413,101.33097076416016
784,True,False,545.5487387207211,51.9879375,117.49431991577148,127.60614776611328,283.9223937988281,-35.00148391723633,117.4003983027787,62.5996016972213,34.36441421508789,266029278.3533425,62.505680084228516
785,True,True,540.2466388585767,26.158890625,97.15833282470703,150.28573608398438,184.8013153076172,-35.00367736816406,96.952536904623,83.047463095377,48.24285888671875,266030149.04154128,82.84166717529297
786,True,True,544.0804575932699,89.9684453125,176.85175323486328,178.1319580078125,326.7950439453125,-34.994407653808594,176.72685089008127,3.273149109918724,31.876312255859375,266030533.89781037,3.1482467651367188
787,True,False,549.5113823954165,10.0075673828125,95.49427032470703,168.28436279296875,132.6512451171875,-34.9951171875,95.48396049325032,84.51603950674968,49.89720916748047,266030920.71038586,84.50572967529297
788,True,True,556.2169903768869,18.341955078125,104.10435485839844,28.519275665283203,295.6588439941406,34.99846267700195,104.23553335535075,75.76446664464925,41.02411651611328,266032112.13197678,75.89564514160156
789,True,True,561.7243601659726,13.84414453125,102.13117980957031,350.5118408203125,75.70317840576172,34.998992919921875,102.37856380907233,77.62143619092767,42.90377426147461,266034275.35890302,77.86882019042969
790,True,False,556.4769253194241,15.1132451171875,95.46365356445312,337.5142822265625,93.2882080078125,35.000064849853516,95.60031668869297,84.39968331130703,49.85075378417969,266034535.24212748,84.53634643554688
791,True,True,551.5900649320711,83.665859375,170.49163913726807,269.69769287109375,255.1888427734375,35.00127410888672,170.52518950733477,9.474810492665235,32.841495513916016,266034732.11730734,9.508360862731934
792,True,False,550.2354673540766,24.46543359375,117.40678405761719,292.3467102050781,164.1546630859375,35.001983642578125,117.41175241878821,62.588247581211796,43.44355773925781,266034793.360128,62.59321594238281
793,True,True,548.9266083624269,16.20880078125,130.9794921875,52.51682662963867,350.877197265625,35.00198745727539,130.9568436239472,49.04315637605279,49.25227355957031,266034867.272477,49.0205078125
794,True,True,547.0638010178777,17.47878125,114.80420684814453,59.3195915222168,1.5576704740524292,35.001564025878906,114.74225304962175,65.25774695037825,65.65029907226562,266034952.17124292,65.19579315185547
795,True,True,545.9058926498553,10.507796875,101.97981262207031,358.0549621582031,72.45301055908203,35.00231170654297,101.89342695698225,78.10657304301775,46.28953552246094,266034994.0756141,78.02018737792969
796,True,True,543.3612201791462,10.1658984375,113.79534912109375,3.4659900665283203,64.48394012451172,35.003639221191406,113.65527086687374,66.34472913312626,37.627586364746094,266035146.52727187,66.20465087890625
797,True,True,540.8025719464006,40.41780859375,138.2413215637207,354.8061828613281,54.723365783691406,35.00296401977539,138.04725583178976,41.952744168210245,14.32384204864502,266035376.4605937,41.7586784362793
798,True,True,540.104041884395,23.165869140625,132.78134536743164,7.941897869110107,56.658145904541016,35.000144958496094,132.57254065119238,47.42745934880762,24.87466049194336,266035450.6457386,47.21865463256836
799,True,True,539.5804320632931,12.2649462890625,158.09657859802246,214.8499298095703,325.7610778808594,34.99811553955078,157.87672571455795,22.123274285442054,49.53718566894531,266035765.7697931,21.90342140197754
800,True,True,545.0116053824158,57.3067734375,112.06295013427734,3.4596035480499268,210.23532104492188,35.00254821777344,111.95769500784631,68.04230499215369,35.3630256652832,266036322.79957858,67.93704986572266
801,True,True,549.9064790487625,13.854478515625,118.08488082885742,32.30818176269531,199.55970764160156,34.999656677246094,118.08290753678631,61.91709246321369,37.38258743286133,266036683.37472168,61.91511917114258
802,True,True,550.9348240275406,23.0871875,104.53468322753906,312.9619445800781,321.3592834472656,34.99919509887695,104.55440801452016,75.44559198547984,53.58811569213867,266036765.64308193,75.46531677246094
803,True,False,551.2484629588295,12.581982421875,127.75083923339844,61.93080139160156,169.13526916503906,34.999542236328125,127.77718180182974,52.22281819817026,44.566619873046875,266036798.35394078,52.24916076660156
804,True,True,551.832008027751,12.1737734375,150.18527603149414,47.74304962158203,144.68850708007812,34.99897384643555,150.22393140087968,29.77606859912031,24.733823776245117,266036863.59815046,29.81472396850586
805,True,True,553.9563744424694,14.3795244140625,84.57361602783203,34.72693634033203,251.64181518554688,34.99853515625,84.65709552856814,95.34290447143186,63.4257926940918,266037202.1536219,95.42638397216797
806,True,False,554.4756779728434,10.2429951171875,173.1803674697876,60.833282470703125,124.39569091796875,18.903404235839844,173.2748042750146,6.725195724985406,13.78696346282959,266037337.3557483,6.819632530212402
807,True,True,556.4467599748684,11.3148173828125,85.09276580810547,224.19512939453125,51.300472259521484,-35.000328063964844,85.22879244357519,94.77120755642481,62.145259857177734,266037931.14812267,94.90723419189453
808,True,False,557.5608034929352,10.5045576171875,114.79102325439453,176.94378662109375,111.24151611328125,-35.000213623046875,114.95055620809546,65.04944379190454,36.79436492919922,266038093.60222945,65.20897674560547
809,True,True,558.4696736481063,19.037904296875,109.53733825683594,198.13327026367188,68.90931701660156,-35.00086212158203,109.71604837081098,70.28395162918902,35.95014190673828,266038215.78291103,70.46266174316406
810,True,False,560.7612196628278,15.8052587890625,153.84236335754395,164.83084106445312,71.73628234863281,-34.997215270996094,154.0694250924296,25.93057490757039,9.090893745422363,266040068.187183,26.157636642456055
811,True,False,556.7477228653511,198.008625,139.7254638671875,64.80883026123047,25.041728973388672,-34.99674987792969,139.8678408196464,40.13215918035359,55.56044387817383,266040257.4268166,40.2745361328125
812,True,True,548.5228845574246,11.428294921875,96.04698944091797,145.88304138183594,256.3363037109375,-34.99739074707031,96.01582230507962,83.98417769492038,49.78840637207031,266040626.8682034,83.95301055908203
813,True,True,539.7383991788299,16.190763671875,109.82453918457031,142.7936248779297,222.83016967773438,-35.0090217590332,109.60801940724362,70.39198059275638,36.299224853515625,266041268.8811442,70.17546081542969
814,True,True,539.5666218073163,54.8279453125,172.11392164230347,21.067184448242188,9.775243759155273,-35.00956726074219,171.89377736243785,8.106222637562158,40.80526351928711,266041338.32220533,7.886078357696533
815,True,True,541.0377396076015,15.1009990234375,121.83589935302734,227.7432861328125,73.840576171875,-34.999977111816406,121.64679565874773,58.353204341252265,52.34679412841797,266041713.8274695,58.164100646972656
816,True,True,553.3907847961597,18.409123046875,104.79063415527344,198.24891662597656,91.09077453613281,-34.99972152709961,104.8621797144724,75.1378202855276,40.95637512207031,266042827.9001358,75.20936584472656
817,True,True,554.7373576810832,17.5289765625,95.5625228881836,52.45245361328125,247.11074829101562,27.264293670654297,95.66248113525445,84.33751886474555,62.25077438354492,266043210.62117842,84.4374771118164
818,True,True,554.9014208981534,13.137859375,161.77117729187012,298.4134826660156,79.97540283203125,35.380210876464844,161.87459727282115,18.125402727178844,37.26331329345703,266043295.94316307,18.228822708129883
819,True,True,555.0763933287544,35.9237109375,92.88709259033203,74.52372741699219,231.20947265625,35.23763656616211,92.99420448956874,87.00579551043126,67.81568908691406,266043338.4377837,87.11290740966797
820,True,False,555.59761568994,10.809359375,150.0907802581787,228.9700469970703,104.87078094482422,35.00751876831055,150.20888994923644,29.791110050763557,63.097938537597656,266043504.84355018,29.90921974182129
821,True,True,556.4639955675669,28.747853515625,118.4590835571289,100.176513671875,210.3387451171875,34.998924255371094,118.59547386360457,61.40452613639543,59.04285430908203,266043667.10405084,61.540916442871094
822,True,True,540.0089697145203,12.298486328125,166.87784576416016,0.5211422443389893,15.059864044189453,34.99871063232422,166.66703502513653,13.332964974863465,23.404396057128906,266047311.91688135,13.122154235839844
823,True,True,543.3580049056651,74.640453125,82.96971893310547,329.2879333496094,241.94610595703125,34.99962615966797,82.829572836615,97.170427163385,63.10699462890625,266047653.50197598,97.03028106689453
824,True,True,543.3580049056651,47.773546875,92.0475082397461,341.71368408203125,230.4098663330078,34.99962615966797,91.90736214325563,88.09263785674437,52.966697692871094,266047670.9755877,87.9524917602539
825,True,True,554.9408362634654,12.6323310546875,157.839017868042,22.636869430541992,266.9599914550781,-36.25983428955078,157.9432695132011,22.056730486798887,58.35527038574219,266049028.63389814,22.160982131958008
826,True,True,561.434561323617,16.478244140625,132.14977264404297,189.2686004638672,69.98977661132812,-34.996192932128906,132.39104188797128,47.60895811202871,16.298494338989258,266049988.3049063,47.85022735595703
827,True,True,561.434561323617,10.7326259765625,102.33735656738281,201.53631591796875,29.088058471679688,-34.996192932128906,102.57862581131113,77.42137418868887,42.719383239746094,266049994.97795516,77.66264343261719
828,True,True,562.3984535272631,19.539525390625,144.76431274414062,186.79493713378906,107.32898712158203,-34.99665069580078,145.02592011356586,34.974079886434126,9.713546752929688,266050087.16635603,35.235687255859375
829,True,True,562.3984535272631,10.1303564453125,160.4342975616455,94.42755126953125,162.08924865722656,-34.99665069580078,160.69590493107077,19.30409506892924,44.86452102661133,266050106.39153367,19.565702438354492
830,True,True,548.887747192813,10.8552109375,147.34857940673828,210.8814239501953,126.20637512207031,-34.996028900146484,147.32511087250663,32.674889127493365,28.976707458496094,266052064.9906275,32.65142059326172
831,True,True,541.799531020634,11.5149775390625,156.4653377532959,251.73609924316406,77.25635528564453,-35.00163650512695,156.29230785783128,23.707692142168725,43.82090377807617,266052473.12963688,23.5346622467041
832,True,True,540.0429529695407,11.7786142578125,102.65839385986328,125.3542709350586,246.53074645996094,-35.008148193359375,102.44830016752059,77.55169983247941,48.068328857421875,266052703.87415102,77.34160614013672
833,True,False,540.3561183951856,25.5760625,151.75847816467285,146.34307861328125,319.1623840332031,-35.006282806396484,151.55499226281125,28.44500773718873,9.000666618347168,266053078.1643405,28.24152183532715
834,True,True,541.5919834127502,238.974984375,146.89630508422852,139.22848510742188,271.45098876953125,-35.00037384033203,146.71889593423754,33.281104065762456,11.82442855834961,266053225.63945612,33.103694915771484
835,True,True,544.8652671325688,93.417671875,108.93971252441406,160.75254821777344,152.13441467285156,-34.99161911010742,108.83136966091126,71.16863033908874,36.3433723449707,266053494.7284518,71.06028747558594
836,True,True,555.7156664149317,14.9782451171875,117.49094009399414,59.552696228027344,241.3390655517578,35.005611419677734,117.6115406553492,62.3884593446508,37.96661376953125,266055002.70728913,62.50905990600586
837,True,False,557.247835578913,10.465873046875,100.48086547851562,60.76091766357422,267.5248718261719,35.000240325927734,100.6337948092307,79.3662051907693,52.472129821777344,266055269.699828,79.51913452148438
838,True,True,560.3686336558443,10.9507431640625,151.61498069763184,97.13265228271484,207.54269409179688,35.00348663330078,151.83375886777014,28.16624113222985,36.443302154541016,266055635.2939952,28.385019302368164
839,True,True,560.6761380303556,19.889341796875,150.27837562561035,139.32997131347656,193.68585205078125,35.008277893066406,150.50364213805085,29.496357861949146,53.59320068359375,266055655.42454466,29.72162437438965
840,True,True,563.9039135681356,11.9679716796875,155.8545379638672,355.995849609375,146.4259796142578,35.005088806152344,156.14791054015484,23.85208945984515,16.569377899169922,266055964.26970407,24.145462036132812
841,True,True,564.2300008900744,10.7239521484375,169.23842430114746,146.97921752929688,201.1620330810547,35.0056037902832,169.53867731992804,10.46132268007197,42.10197448730469,266055999.15188193,10.761575698852539
842,True,True,564.5499251639258,10.2490947265625,155.2898063659668,42.887664794921875,229.09754943847656,35.00490951538086,155.59680978692563,24.40319021307437,14.971364974975586,266056039.4755547,24.710193634033203
843,True,True,566.5899613919629,11.247068359375,97.21501922607422,9.478022575378418,36.218910217285156,35.00577163696289,97.56506741144463,82.43493258855537,48.175872802734375,266056220.99658993,82.78498077392578
844,True,True,566.8398954785994,36.67401171875,170.06284999847412,324.4206848144531,193.89401245117188,35.00587844848633,170.41817179307256,9.581828206927431,29.76419448852539,266056275.50723368,9.937150001525879
845,True,True,567.294039621335,11.244126953125,131.96994018554688,358.7550048828125,79.23674011230469,35.00461196899414,132.33484442155705,47.665155578442956,16.80535888671875,266056326.44570428,48.030059814453125
846,True,True,567.4938663756067,16.885498046875,142.2955551147461,7.160237789154053,96.02432250976562,35.00377655029297,142.6646756952714,37.33532430472861,5.185243606567383,266056341.13448232,37.704444885253906
847,True,True,544.2240829791128,26.513123046875,136.6441879272461,312.593994140625,311.0936279296875,34.99911117553711,136.52231607810538,43.477683921894624,21.663747787475586,266059174.3845068,43.355812072753906
848,True,False,544.2240829791128,12.2626298828125,135.0073699951172,14.233620643615723,157.45603942871094,34.99911117553711,134.88549814597647,45.11450185402353,21.09181785583496,266059187.07672852,44.99263000488281
849,True,False,547.0916855804506,11.97476171875,146.79853439331055,274.1678161621094,10.645417213439941,34.992950439453125,146.73716895905807,33.26283104094195,40.39918899536133,266059389.46257433,33.20146560668945
850,True,True,554.1326988276206,11.4700341796875,143.14957427978516,26.990812301635742,207.79168701171875,34.06850814819336,143.23677422504795,36.76322577495205,8.079262733459473,266060226.15167788,36.850425720214844
851,True,True,555.3204642992022,54.99041015625,110.11273956298828,137.80770874023438,163.58938598632812,-35.00120544433594,110.22500135970145,69.77499864029855,59.12889099121094,266060653.8211921,69.88726043701172
852,True,True,556.1331917177783,11.285728515625,126.69789505004883,232.7312774658203,16.832326889038086,-34.99669647216797,126.82730539529395,53.17269460470605,26.65788459777832,266060826.6676784,53.30210494995117
853,True,True,557.2566640467803,15.4881435546875,124.67292022705078,162.07276916503906,138.34999084472656,-34.99690246582031,124.82603583843785,55.173964161562154,36.0730094909668,266061031.24206722,55.32707977294922
854,True,False,560.1291197884218,70.7181015625,119.32740783691406,209.38108825683594,31.39203643798828,-34.99501037597656,119.54113226444977,60.458867735550236,25.84800148010254,266061340.25426084,60.67259216308594
855,True,True,564.6323943272838,13.639580078125,166.15797233581543,310.3732604980469,178.70204162597656,-34.99943542480469,166.4667158561211,13.533284143878882,41.57261276245117,266061779.87669894,13.84202766418457
856,True,True,567.5614101086989,19.32494140625,126.44483184814453,245.13107299804688,221.70814514160156,-35.000614166259766,126.81537760143809,53.18462239856192,39.133201599121094,266062097.0494131,53.55516815185547
857,True,False,568.2411715185724,11.1916669921875,155.96682739257812,286.4737243652344,150.43434143066406,-34.997108459472656,156.35171611162,23.648283888379996,43.88198471069336,266062252.11373168,24.033172607421875
858,True,True,568.3057516778362,18.835142578125,155.59805488586426,270.5231628417969,153.5377960205078,-34.99769592285156,155.9843062462666,24.015693753733398,38.72140121459961,266062286.31526497,24.401945114135742
859,True,True,568.3454222287763,12.0648876953125,150.6047420501709,294.779541015625,148.6015625,-34.997554779052734,150.99183045919807,29.00816954080192,50.75934600830078,266062314.077704,29.3952579498291
860,True,True,568.207666713161,16.506998046875,138.96559524536133,257.2831726074219,171.4281005859375,-34.99788284301758,139.34977701300903,40.650222986990975,43.1472282409668,266062438.01263922,41.03440475463867
861,True,True,540.3606939790967,78.674875,92.78003692626953,138.28253173828125,232.138427734375,-35.00877380371094,92.57664756922847,87.42335243077153,53.81589889526367,266064105.3238991,87.21996307373047
862,True,True,540.3211729525245,19.99528125,143.30916213989258,155.08160400390625,221.33706665039062,-35.00837326049805,143.10493888919086,36.89506111080915,2.336756467819214,266064532.74783158,36.69083786010742
863,True,False,542.1005634507205,44.9811796875,111.55005645751953,105.66854095458984,234.1398468017578,-35.00360107421875,111.38337834632974,68.61662165367026,52.99492645263672,266064742.78602144,68.44994354248047
864,True,True,549.7855373900312,23.164763671875,155.27442932128906,186.13824462890625,321.8203430175781,-34.9964485168457,155.26990416021872,24.730095839781278,11.134204864501953,266065354.40903634,24.725570678710938
865,True,False,552.3181913903685,33.7682109375,108.53042602539062,233.20806884765625,46.1607551574707,-34.982330322265625,108.5793398637274,71.4206601362726,51.74320983886719,266065602.42045406,71.46957397460938
866,True,True,553.4749530462287,11.801267578125,112.85440063476562,203.04791259765625,82.08854675292969,-35.0012321472168,112.92772214404106,67.07227785595894,33.5162467956543,266065815.5691109,67.14559936523438
867,True,True,555.4754273326316,10.05122265625,161.2411994934082,97.74434661865234,152.2940673828125,35.0068359375,161.35673101012674,18.64326898987327,34.47853469848633,266066460.66872397,18.758800506591797
868,True,True,557.4454891989586,20.525193359375,122.58626937866211,90.92483520507812,224.16201782226562,35.0021858215332,122.74336920076013,57.256630799239865,50.028377532958984,266066786.69713238,57.41373062133789
869,True,True,557.4454891989586,10.9277978515625,116.61264419555664,7.5229878425598145,348.34271240234375,35.0021858215332,116.76974401765466,63.230255982345334,31.23480224609375,266066791.48655814,63.38735580444336
870,True,True,558.427876288955,22.63948828125,121.7131576538086,120.92139434814453,210.21563720703125,35.001686096191406,121.89098584350555,58.10901415649445,67.3230972290039,266066910.13189104,58.286842346191406
871,True,True,565.9160881279422,16.482099609375,176.03758788108826,12.415446281433105,199.00938415527344,34.99818420410156,176.37341734058785,3.6265826594121626,31.07904052734375,266067614.0227419,3.962412118911743
872,True,True,566.4763340709737,17.17278515625,161.11585235595703,17.164329528808594,205.1334228515625,34.99993133544922,161.46350300485457,18.536496995145423,16.12770652770996,266067683.45450562,18.88414764404297
873,True,True,539.965892665413,16.4142265625,152.73980712890625,48.421302795410156,5.712248802185059,34.99506378173828,152.52808746414647,27.471912535853537,36.625938415527344,266069927.2248198,27.26019287109375
874,True,False,539.7156829997595,44.77113671875,136.0606803894043,307.7910461425781,226.01107788085938,34.99461364746094,135.84368130069922,44.156318699300776,19.577116012573242,266070045.4943646,43.9393196105957
875,True,True,540.3003415946994,10.5412998046875,162.69445037841797,72.793701171875,29.871814727783203,34.99876022338867,162.48978758606611,17.510212413933875,39.87952423095703,266070258.61363012,17.30554962158203
876,True,True,541.4367904344355,11.9603388671875,159.9631404876709,35.06859588623047,61.20403289794922,34.999080657958984,159.78245676583748,20.217543234162513,28.040714263916016,266070413.16233194,20.0368595123291
877,True,True,554.3858809916071,12.792380859375,159.01539039611816,227.03155517578125,318.5023193359375,-24.12504005432129,159.1079324850411,20.892067514958924,13.692229270935059,266071909.33529207,20.984609603881836
878,True,True,558.2897490751449,12.59507421875,136.52446365356445,134.54612731933594,165.8411102294922,-34.99651336669922,136.69937735905,43.30062264094999,43.80772399902344,266072622.24466488,43.47553634643555
879,True,True,563.2877118407897,11.301771484375,151.7565746307373,163.20376586914062,123.61483001708984,-34.99953842163086,152.03694535057798,27.963054649422034,21.268625259399414,266073113.88233566,28.243425369262695
880,True,False,564.2837198401462,15.2858740234375,169.44837474822998,244.25772094726562,181.81546020507812,-34.99877166748047,169.74976123685707,10.250238763142935,28.16984748840332,266073199.86294952,10.55162525177002
881,True,True,566.9340502924956,13.3977197265625,160.91305351257324,13.96108341217041,135.4658660888672,-34.99931335449219,161.2703619737449,18.7296380262551,54.14020538330078,266073464.56316578,19.086946487426758
882,True,True,567.5871332773883,33.76028125,125.88164520263672,190.9967803955078,313.3539733886719,-35.00022506713867,126.25273371478961,53.74726628521039,19.149822235107422,266073559.6579678,54.11835479736328
883,True,False,567.9283668277711,10.2050263671875,99.19964599609375,224.90855407714844,261.049072265625,-34.99598693847656,99.57793453615972,80.42206546384028,52.400169372558594,266073607.55160275,80.80035400390625
884,True,True,567.9283668277711,12.23326953125,154.35087203979492,254.56932067871094,169.26821899414062,-34.99598693847656,154.7291605798609,25.270839420139108,31.397851943969727,266073619.74745527,25.649127960205078
885,True,False,568.1875991789683,23.5059765625,150.1949577331543,255.99696350097656,172.4024200439453,-34.99592590332031,150.57871607583053,29.421283924169472,33.84270095825195,266073672.30639982,29.805042266845703
886,True,True,565.7236283336041,12.1868837890625,114.24210357666016,230.33074951171875,198.39730834960938,-34.99860382080078,114.5738721344992,65.4261278655008,50.297698974609375,266074194.1814033,65.75789642333984
887,True,True,540.86286601859,27.7384296875,130.12910842895508,117.48963928222656,251.14353942871094,-35.01395034790039,129.93631490194733,50.06368509805267,31.04019546508789,266076066.22060633,49.87089157104492
888,True,False,542.9285619824796,16.3013212890625,126.62430953979492,184.77352905273438,106.7720718383789,-35.00548553466797,126.47510219762523,53.52489780237476,23.690059661865234,266076281.5716391,53.37569046020508
889,True,False,545.2173230625585,98.7931953125,105.7320556640625,145.85687255859375,173.6575927734375,-35.00170135498047,105.63114118068249,74.36885881931751,42.479896545410156,266076442.0191054,74.2679443359375
890,True,False,549.1442503996624,184.1338125,130.03480911254883,205.52276611328125,59.36909103393555,-34.9947395324707,130.0167527959817,49.9832472040183,24.92922019958496,266076759.0221969,49.96519088745117
891,True,True,550.1693985607873,11.4056533203125,164.2229709625244,183.45225524902344,305.9443054199219,-34.99712371826172,164.226545272157,15.773454727842974,19.294370651245117,266076833.85254696,15.777029037475586
892,True,True,550.4833452510778,11.7639921875,98.36771392822266,172.98434448242188,127.38174438476562,-34.99702835083008,98.3779125130204,81.6220874869796,46.96625900268555,266076884.3756838,81.63228607177734
893,True,True,551.0678323516066,13.9284384765625,117.25211334228516,144.29415893554688,175.11761474609375,-34.997222900390625,117.27464460490405,62.725355395095946,38.42586135864258,266076942.90713292,62.747886657714844
894,True,True,553.3551468050541,141.332515625,97.66224670410156,180.5265350341797,116.84765625,-34.99852752685547,97.7330403016882,82.2669596983118,48.16679000854492,266077296.86349785,82.33775329589844
895,True,True,556.7116443755917,11.4719677734375,153.91107559204102,136.00296020507812,162.78038024902344,35.003700256347656,154.052691288366,25.947308711633998,49.79762268066406,266078164.4701601,26.088924407958984
896,True,True,558.134745933933,12.542423828125,153.7665252685547,114.69137573242188,181.30853271484375,35.013328552246094,153.93816840776068,26.061831592239326,42.40850830078125,266078336.34535298,26.233474731445312
897,True,True,558.9632339412611,27.60319140625,160.089111328125,104.03011322021484,181.0481719970703,35.00977325439453,160.2782355642856,19.72176443571439,36.03208541870117,266078428.29899427,19.910888671875
898,True,True,560.1670517020023,11.64003515625,142.40872955322266,321.42449951171875,89.34394836425781,35.00825119018555,142.62325434413492,37.37674565586509,36.45554733276367,266078560.96154794,37.591270446777344
899,True,True,560.8036714589731,14.0090849609375,106.11109161376953,42.8138427734375,314.4747619628906,35.00796890258789,106.33904908155387,73.66095091844613,41.296451568603516,266078628.35777685,73.88890838623047
900,True,True,561.4572168266905,31.42236328125,155.28417778015137,35.79782485961914,189.07859802246094,35.002235412597656,155.52592505519453,24.474074944805466,11.784055709838867,266078669.56474075,24.715822219848633
901,True,True,561.7866851189748,13.7304609375,116.97621154785156,30.441299438476562,336.14862060546875,35.00379180908203,117.22491060386193,62.77508939613807,28.384389877319336,266078713.5099482,63.02378845214844
902,True,True,562.7948618332787,21.162677734375,139.6482048034668,53.26007080078125,269.9979553222656,35.00261306762695,139.918176388149,40.08182361185102,19.19185447692871,266078808.16876468,40.3517951965332
903,True,True,568.1749962855012,18.2513515625,157.57579040527344,315.4760437011719,179.9170684814453,34.99827575683594,157.95928282689752,22.04071717310249,28.332225799560547,266079390.8854169,22.424209594726562
904,True,True,568.3600130589771,36.00222265625,166.24521350860596,254.25192260742188,206.78822326660156,34.997432708740234,166.63260978415036,13.367390215849627,42.48979187011719,266079453.26627463,13.754786491394043
905,True,True,568.1201345175525,18.498330078125,85.8634262084961,29.348987579345703,27.43557357788086,34.99867248535156,86.24576104681645,93.75423895318355,62.94828414916992,266079671.54792786,94.1365737915039
906,True,True,567.549049998901,10.7497421875,116.63467025756836,334.6593017578125,105.30426788330078,35.00266647338867,117.00495521254517,62.99504478745483,34.058837890625,266079765.16730705,63.36532974243164
907,True,True,558.6954861000603,10.368775390625,92.33503723144531,356.540771484375,68.04090118408203,35.00206756591797,92.51851198815659,87.48148801184341,53.449615478515625,266080298.85609764,87.66496276855469
908,True,True,556.6365349779004,33.9751953125,101.55381774902344,281.397705078125,158.21774291992188,35.00278854370117,101.69384863705713,78.30615136294287,64.67951965332031,266080393.98593608,78.44618225097656
909,True,True,551.7725885710767,12.632330078125,159.46434211730957,213.46507263183594,250.5484619140625,35.00333786010742,159.50174373615928,20.498256263840712,49.49991989135742,266080600.00308836,20.53565788269043
910,True,True,549.7655369294944,11.98152734375,117.71941375732422,322.5884094238281,124.62401580810547,35.003631591796875,117.71446658653656,62.28553341346345,29.51991081237793,266080696.36777085,62.28058624267578
911,True,True,543.6857551271407,11.9970048828125,111.76638793945312,320.650146484375,133.7040252685547,35.00065612792969,111.6331573726358,68.3668426273642,34.97052001953125,266081009.8760784,68.23361206054688
912,True,True,540.4454205751116,13.1259404296875,94.35338592529297,19.029422760009766,135.26162719726562,35.00000762939453,94.15178429942782,85.84821570057218,60.40815734863281,266081741.73639196,85.64661407470703
913,True,False,542.8999210088997,319.4135,91.89212799072266,26.359289169311523,168.4510498046875,35.005306243896484,91.74231632401045,88.25768367598955,63.748905181884766,266082005.84412208,88.10787200927734
914,True,True,545.9763843811126,14.3191318359375,120.95575332641602,334.99200439453125,267.1726989746094,35.00223159790039,120.87085503685749,59.12914496314251,25.907678604125977,266082250.38272643,59.044246673583984
915,True,True,550.43569138113,12.936287109375,108.83322143554688,30.180133819580078,212.2094268798828,34.99993133544922,108.84241452368872,71.15758547631128,43.28480911254883,266082600.8312859,71.16677856445312
916,True,True,554.2005167653427,28.49469921875,127.93169021606445,68.08910369873047,233.64967346191406,-2.4311416149139404,128.0203211198132,51.97967888018682,59.53129577636719,266083329.29781246,52.06830978393555
917,True,False,554.440223836261,16.549484375,168.55620670318604,123.25450134277344,248.4608917236328,-29.873693466186523,168.64989542613114,11.350104573868858,32.393150329589844,266083416.84615707,11.443793296813965
918,True,True,556.6688317334844,10.1577890625,123.0635986328125,173.06573486328125,128.15431213378906,-34.99742126464844,123.20431098238902,56.79568901761098,31.3912353515625,266083876.18823138,56.9364013671875
919,True,True,557.1081070589788,10.3821123046875,105.5418930053711,209.71676635742188,59.5294303894043,-34.998966217041016,105.69187406431554,74.30812593568446,39.62594223022461,266083936.60638013,74.4581069946289
920,True,True,557.3489345973225,12.239517578125,116.39595794677734,183.020263671875,103.19784545898438,-34.99684524536133,116.55102046678084,63.44897953321915,33.04597091674805,266083968.13469562,63.604042053222656
921,True,True,559.5254370253878,34.36109765625,117.45204162597656,192.635498046875,70.37861633300781,-34.99467086791992,117.65302834721224,62.34697165278776,29.107177734375,266084206.75862572,62.54795837402344
922,True,True,559.8321997822657,11.9779599609375,135.47291564941406,170.71299743652344,122.67296600341797,-34.99415969848633,135.68037506481988,44.31962493518013,23.780372619628906,266084254.76732552,44.52708435058594
923,True,True,559.8321997822657,16.7766875,173.35853099822998,246.849365234375,229.88955688476562,-34.99415969848633,173.56599041363577,6.434009586364214,30.30507469177246,266084261.60437,6.6414690017700195
924,True,False,560.1433047094089,12.5872333984375,92.08378601074219,246.40309143066406,351.99139404296875,-34.9940071105957,92.29780974011071,87.70219025988929,62.55422592163086,266084274.02598685,87.91621398925781
925,True,True,560.4583492210894,18.38008984375,109.52476501464844,204.0314178466797,37.141700744628906,-34.99384307861328,109.74543618321343,70.25456381678657,35.48688888549805,266084313.6898575,70.47523498535156
926,True,True,560.777495147143,10.8468662109375,163.5960750579834,90.28826141357422,192.405029296875,-34.99372863769531,163.8234802055881,16.176519794411885,44.07398223876953,266084327.52624294,16.4039249420166
927,True,True,561.445544399101,17.3718828125,147.3583221435547,169.12396240234375,138.07981872558594,-34.99427032470703,147.5998231303757,32.40017686962428,19.550077438354492,266084389.5985454,32.64167785644531
928,True,True,566.083475101102,31.932919921875,139.66242599487305,209.33270263671875,269.1888122558594,-34.99951934814453,140.0017873195063,39.9982126804937,8.671751022338867,266084828.20539272,40.33757400512695
929,True,False,567.9894798425922,51.5530234375,99.82649230957031,146.89480590820312,1.7796545028686523,-35.00101852416992,100.206070334249,79.793929665751,57.75890350341797,266085056.41688523,80.17350769042969
930,True,True,568.5363424683229,38.5807890625,87.97642517089844,199.1644287109375,283.5534362792969,-34.9970588684082,88.36754199698005,91.63245800301995,57.565399169921875,266085197.1497094,92.02357482910156
931,True,False,568.4867671534545,15.5338642578125,119.15364074707031,233.52613830566406,214.8731689453125,-34.99674987792969,119.5437115340082,60.4562884659918,42.90731430053711,266085332.17523268,60.84635925292969
932,True,False,566.5270150248922,40.89776953125,127.29993438720703,156.8282928466797,323.6131896972656,-34.9981575012207,127.64865440423225,52.35134559576775,22.495193481445312,266085594.0597079,52.70006561279297
933,True,True,564.8367034191451,10.096439453125,113.13070678710938,249.70375061035156,179.87062072753906,-34.9974250793457,113.44376122925334,66.55623877074666,63.14371109008789,266085708.67435327,66.86929321289062
934,True,False,564.8367034191451,17.605802734375,138.98992919921875,129.4075927734375,7.708652019500732,-34.9974250793457,139.30298364136272,40.697016358637285,27.29470443725586,266085726.61244395,41.01007080078125
935,True,True,562.1166618834867,13.464556640625,99.42127990722656,220.21182250976562,205.66448974609375,-34.998687744140625,99.67694147296814,80.32305852703186,60.42052459716797,266085863.5045845,80.57872009277344
936,True,True,562.1166618834867,23.620046875,110.12701416015625,242.84100341796875,177.23165893554688,-34.998687744140625,110.38267572589783,69.61732427410217,64.3909912109375,266085884.4625973,69.87298583984375
937,True,True,556.8485432072757,12.0667685546875,87.36054229736328,145.53802490234375,279.484619140625,-34.99960708618164,87.5050465590368,92.4949534409632,59.49592208862305,266086105.78711066,92.63945770263672
938,True,True,549.9503789457401,20.6834921875,117.3023567199707,132.66476440429688,291.6887512207031,-35.00175857543945,117.30130971572582,62.69869028427418,33.30157470703125,266086397.9695231,62.6976432800293
939,True,True,545.2106210007598,14.3376455078125,126.28938674926758,83.32151794433594,336.75628662109375,-35.00235366821289,126.18833085238361,53.81166914761639,51.19459915161133,266086641.99820292,53.71061325073242
940,True,True,543.3056332842342,29.85133203125,89.54627227783203,139.68907165527344,247.8090057373047,-35.00666046142578,89.40502114012938,90.59497885987062,56.76953887939453,266086773.04823422,90.45372772216797
941,True,True,540.8104694887469,14.6279384765625,124.44994735717773,158.25912475585938,206.65664672851562,-35.00510787963867,124.25604826339028,55.74395173660971,20.72661018371582,266087001.23879066,55.550052642822266
942,True,False,540.167105914944,36.49834765625,84.08866119384766,168.40185546875,170.75369262695312,-35.00217819213867,83.88118712865298,96.11881287134702,61.64228820800781,266087411.70437822,95.91133880615234
943,True,True,544.0801770399205,12.743927734375,133.89514923095703,170.92494201660156,127.53091430664062,-34.995933532714844,133.77024096649936,46.22975903350065,11.753826141357422,266087841.66921252,46.10485076904297
944,True,True,544.4674109895612,22.9563984375,85.66077423095703,152.83311462402344,161.91915893554688,-34.9954719543457,85.54403660283677,94.45596339716323,60.320762634277344,266087850.6802275,94.33922576904297
945,True,False,548.4082755109473,17.647517578125,123.05238342285156,190.68505859375,93.02252960205078,-34.99720001220703,123.01879803613255,56.98120196386745,25.020112991333008,266088157.14107108,56.94761657714844
946,True,True,548.4082755109473,21.915384765625,144.98397827148438,130.1835479736328,236.255126953125,-34.99720001220703,144.95039288476536,35.049607115234636,24.566970825195312,266088158.7634693,35.016021728515625
947,True,True,549.4862881071816,35.2491796875,105.28253936767578,138.34938049316406,175.32254028320312,-35.00294494628906,105.27170004673731,74.72829995326269,49.33518600463867,266088245.474622,74.71746063232422
948,True,False,550.7460845402845,13.4412529296875,86.69053649902344,184.03753662109375,113.4143295288086,-35.0007209777832,86.70627888282344,93.29372111717656,58.4743537902832,266088364.8153666,93.30946350097656
949,True,True,553.2630893004913,12.3865,130.23929595947266,183.55038452148438,125.1668930053711,-34.99903106689453,130.30814714371303,49.69185285628698,15.713300704956055,266088760.84611386,49.760704040527344
950,True,False,553.3729334133677,10.54351171875,105.2343521118164,144.6968994140625,163.1212921142578,-34.99965286254883,105.30552100683846,74.69447899316154,53.870643615722656,266088786.30108842,74.7656478881836
951,True,True,556.5216799592981,15.0340986328125,111.972412109375,84.15522003173828,230.19461059570312,35.003334045410156,112.11001955651619,67.88998044348381,54.54441833496094,266089596.09055734,68.027587890625
952,True,True,561.6154234127109,21.34709765625,167.1629343032837,112.76061248779297,186.1617889404297,35.0059928894043,167.40801973729188,12.591980262708107,36.74488067626953,266090136.48885047,12.837065696716309
953,True,True,565.3746754892443,14.5841044921875,170.09632968902588,42.98751449584961,203.03753662109375,34.9981575012207,170.42073534184894,9.579264658151066,26.202640533447266,266090484.54887265,9.903670310974121
954,True,True,568.4136364920092,47.01809375,141.66322708129883,274.2638244628906,182.40206909179688,35.00226974487305,142.05175481128023,37.948245188719774,49.351478576660156,266091145.23674914,38.33677291870117
955,True,True,565.3145242017792,40.99992578125,123.293212890625,292.1205139160156,159.39105224609375,35.00155258178711,123.61634935128254,56.383650648717456,47.43522644042969,266091445.8530861,56.706787109375
956,True,True,564.8370459431932,21.57051953125,134.24013900756836,279.6278991699219,179.96694946289062,35.003013610839844,134.55320067696974,45.44679932303026,46.43693161010742,266091476.26608926,45.75986099243164
957,True,True,563.8021159079249,10.031814453125,123.66367721557617,305.0496826171875,149.1442108154297,34.99995803833008,123.9549018612334,56.04509813876661,38.47309494018555,266091529.18814912,56.33632278442383
958,True,True,563.2467717815249,10.5339345703125,111.05512237548828,311.98797607421875,130.49981689453125,35.000144958496094,111.33462926007846,68.66537073992154,44.799468994140625,266091544.65983874,68.94487762451172
959,True,True,561.454209518705,17.065474609375,162.59657669067383,325.8470764160156,237.05494689941406,35.00139617919922,162.8382605115185,17.161739488481494,19.968767166137695,266091629.72004622,17.403423309326172
960,True,True,547.343384124922,20.926021484375,94.66864013671875,322.83575439453125,118.19869995117188,35.00437927246094,94.6125855417546,85.3874144582454,51.582489013671875,266092271.60989833,85.33135986328125
961,True,True,544.6147444951897,10.9883876953125,98.0479965209961,342.0577697753906,98.17540740966797,35.00362014770508,97.9343676298446,82.0656323701554,47.318695068359375,266092420.49497446,81.9520034790039
962,True,False,543.2323677868645,19.34883984375,104.45262145996094,27.42331314086914,45.540863037109375,35.00209045410156,104.30982442026378,75.69017557973622,57.25645446777344,266092506.28261206,75.54737854003906
963,True,False,539.8044327690277,19.71742578125,138.3187713623047,110.14591979980469,0.8777074217796326,34.992889404296875,138.10364489373117,41.89635510626883,69.81165313720703,266092974.42499667,41.68122863769531
964,True,False,540.0159686123247,61.30419140625,140.05131912231445,307.7303466796875,254.52565002441406,34.99245071411133,139.84065606003452,40.159343939965495,18.274272918701172,266093107.14389676,39.94868087768555
965,True,True,540.4474239800597,12.3637548828125,139.26263427734375,276.3710632324219,290.6779479980469,34.99850082397461,139.06107492332302,40.93892507667699,37.115325927734375,266093208.69498104,40.73736572265625
966,True,True,547.0662054936932,16.609658203125,114.75004577636719,342.70672607421875,260.33709716796875,34.99732208251953,114.68814271228412,65.31185728771588,30.90869903564453,266093810.7981781,65.24995422363281
967,True,True,547.8317848068134,27.72160546875,108.74376678466797,349.9620361328125,252.3553009033203,34.99756622314453,108.69801744409173,71.30198255590827,36.30067825317383,266093861.69648486,71.25623321533203
968,True,False,549.9160482729147,29.842408203125,95.59043884277344,52.8286247253418,192.87596130371094,34.999454498291016,95.58866746133194,84.41133253866806,65.91710662841797,266094030.6648949,84.40956115722656
969,True,True,554.0200660610576,12.3623134765625,156.13864517211914,206.7342071533203,72.84081268310547,-10.616227149963379,156.22346856600745,23.776531433992545,7.673590660095215,266094824.91133597,23.86135482788086
970,True,True,554.5016885034357,17.82142578125,150.59693145751953,96.23807525634766,227.69065856933594,-35.87553787231445,150.69191708494202,29.308082915057973,50.71492004394531,266094962.25163972,29.40306854248047
971,True,True,561.9770000879079,10.9495341796875,163.13431358337402,91.50769805908203,178.08285522460938,-34.994361877441406,163.3870282852289,16.61297171477112,43.90616989135742,266095904.4100014,16.865686416625977
972,True,True,561.9770000879079,187.36328125,118.78739929199219,252.7642822265625,305.8774719238281,-34.994361877441406,119.04011399384704,60.959886006152956,43.59371566772461,266095914.61925396,61.21260070800781
973,True,True,568.8029250132715,88.71134375,139.7101936340332,248.91932678222656,178.98089599609375,-34.997806549072266,140.10693535181323,39.893064648186765,38.13226318359375,266096804.12077737,40.2898063659668
974,True,True,568.2264093638563,18.31651953125,130.41138076782227,243.33706665039062,186.5675506591797,-34.997589111328125,130.79595800539963,49.20404199460037,42.55500793457031,266096917.44748545,49.588619232177734
975,True,True,566.3811039717395,44.98753125,99.195068359375,202.30226135253906,241.9453125,-34.998661041259766,99.54070965317871,80.45929034682129,50.1801872253418,266097088.31188732,80.804931640625
976,True,True,541.2374433861495,39.6491015625,82.95269775390625,175.42945861816406,196.45445251464844,-35.00712585449219,82.76780780935401,97.23219219064599,64.50044250488281,266098417.57108548,97.04730224609375
977,True,True,540.5861852943125,15.2208525390625,127.85054016113281,99.02022552490234,269.6171569824219,-35.00213623046875,127.6519086708428,52.34809132915719,42.81914138793945,266098947.57631168,52.14945983886719
978,True,True,541.0175364499303,18.77122265625,102.09319305419922,161.55369567871094,169.401611328125,-35.00124740600586,101.90366307329275,78.09633692670725,42.986572265625,266099006.32406402,77.90680694580078
979,True,True,548.3835083641368,31.4548828125,91.78268432617188,171.4724884033203,131.19921875,-34.995452880859375,91.74857635265516,88.25142364734484,53.34602355957031,266099642.44262698,88.21731567382812
980,True,True,550.8420937722839,11.26700390625,96.5486068725586,180.2284698486328,117.88449096679688,-34.99972915649414,96.56637505115378,83.43362494884622,48.544464111328125,266099899.76738366,83.4513931274414
981,True,True,552.0982620018423,14.134814453125,143.3881950378418,128.3661651611328,220.04234313964844,-34.99699783325195,143.43246836608068,36.56753163391933,33.67512130737305,266100084.5698619,36.6118049621582
982,True,True,554.3153682032168,36.30268359375,75.96994018554688,31.849288940429688,279.7250671386719,36.042911529541016,76.06099445463475,103.93900554536525,68.74769592285156,266100692.94610435,104.03005981445312
983,True,False,554.4330021817331,10.752796875,88.38927459716797,53.76741409301758,256.1883239746094,35.30242919921875,88.48281094320254,91.51718905679746,62.23139953613281,266100744.4086856,91.61072540283203
984,True,True,555.6655685495956,24.611259765625,157.68265342712402,320.455322265625,81.11541748046875,35.005374908447266,157.80219692352048,22.19780307647951,31.466081619262695,266100957.01293877,22.317346572875977
985,True,False,555.6655685495956,10.8926328125,90.60027313232422,56.2913818359375,265.2880859375,35.005374908447266,90.7198166287207,89.2801833712793,60.19804382324219,266100971.49086216,89.39972686767578
986,True,True,557.7751915002441,10.523802734375,144.85827255249023,159.4095458984375,164.86129760742188,35.003395080566406,145.0223290931454,34.97767090685461,63.855098724365234,266101239.43369952,35.141727447509766
987,True,False,560.92597437332,19.959423828125,153.43457221984863,3.6529836654663086,116.36163330078125,35.00654220581055,153.66511027912568,26.334889720874315,13.56254768371582,266101547.7303069,26.565427780151367
988,True,False,568.4679416218477,21.508884765625,137.91289138793945,343.6818542480469,117.05915069580078,34.99729537963867,138.30256495616044,41.69743504383956,19.28807258605957,266102249.17050976,42.08710861206055
989,True,False,568.9613601639081,12.9651669921875,140.75638961791992,270.8980407714844,173.98155212402344,34.99751281738281,141.15647431737838,38.84352568262162,54.59419250488281,266102367.91850826,39.24361038208008
990,True,True,568.7389751385646,13.63521875,117.5662956237793,348.62347412109375,83.25017547607422,34.999664306640625,117.96168799920301,62.03831200079699,29.433378219604492,266102590.0090247,62.4337043762207
991,True,True,565.2016344225952,31.902197265625,125.22439575195312,281.88836669921875,168.96302795410156,34.99818420410156,125.54515023826988,54.45484976173012,51.81325149536133,266102907.44009104,54.775604248046875
992,True,True,565.2016344225952,20.431697265625,139.9952163696289,318.36492919921875,161.6217803955078,34.99818420410156,140.31597085594566,39.684029144054335,21.735363006591797,266102916.0096761,40.004783630371094
993,True,True,558.5264996601275,60.77323046875,122.69025039672852,13.574458122253418,28.568374633789062,35.0017204284668,122.8701595395572,57.12984046044279,30.0861873626709,266103248.88483116,57.309749603271484
994,True,False,553.6018711691859,10.3414736328125,100.98590087890625,347.61846923828125,79.9284896850586,35.002079010009766,101.06190036057608,78.93809963942392,44.420719146728516,266103460.8459104,79.01409912109375
995,True,True,553.6018711691859,12.8810048828125,143.79888534545898,43.9559440612793,335.1530456542969,35.002079010009766,143.87488482712882,36.12511517287119,35.723655700683594,266103464.8398669,36.201114654541016
996,True,True,548.2575295702707,14.1065078125,125.13034439086914,9.260658264160156,37.80022048950195,35.00246810913086,125.09357826480185,54.90642173519815,29.905393600463867,266103710.17836773,54.86965560913086
997,True,True,541.5863788429021,13.1663359375,114.00787353515625,24.94666862487793,49.38374710083008,35.00086975097656,113.83034612874148,66.16965387125852,48.25483322143555,266104113.98697013,65.99212646484375
998,True,False,541.2955546723543,18.477236328125,143.00086975097656,2.435403347015381,27.395143508911133,34.99993896484375,142.81720595456324,37.18279404543676,16.496631622314453,266104135.00466675,36.99913024902344
999,True,True,542.047933603384,29.48712890625,176.58206295967102,244.69949340820312,23.988117218017578,35.008243560791016,176.41427435870241,3.5857256412975778,35.56733322143555,266104878.7987693,3.4179370403289795
1000,True,True,544.8455089425711,10.7957568359375,158.09503173828125,160.51995849609375,56.194339752197266,35.000831604003906,157.9862719769695,22.0137280230305,56.81759262084961,266105117.78571776,21.90496826171875
1001,True,False,551.5582165287232,231.10978125,119.34625625610352,338.28704833984375,313.5099182128906,34.99894332885742,119.37913462485957,60.620865375140426,32.13225173950195,266105737.12013304,60.653743743896484
1002,True,True,551.5582165287232,27.740537109375,93.09294891357422,337.5550231933594,299.2964172363281,34.99894332885742,93.12582728233028,86.87417271766972,56.562843322753906,266105738.58324635,86.90705108642578
1003,True,True,555.014850823901,30.830298828125,110.52505493164062,247.0229949951172,17.589096069335938,-35.008941650390625,110.63086828402494,69.36913171597506,47.27747344970703,266106610.00722614,69.47494506835938
1004,True,True,555.014850823901,66.603875,105.96917724609375,195.7980194091797,90.31013488769531,-35.008941650390625,106.07499059847807,73.92500940152193,39.565086364746094,266106618.19754767,74.03082275390625
1005,True,False,555.7621946942905,16.398197265625,173.93712043762207,344.2333679199219,259.351318359375,-35.00136184692383,174.0587027456716,5.941297254328399,39.741764068603516,266106726.08431712,6.06287956237793
1006,True,True,557.1803263037793,12.1919423828125,165.2428789138794,86.35272979736328,225.57981872558594,-34.99983215332031,165.39438379888915,14.60561620111086,43.86397933959961,266106895.0514342,14.757121086120605
1007,True,True,557.1803263037793,10.0722568359375,98.1137466430664,201.9241485595703,68.438720703125,-34.99983215332031,98.26525152807615,81.73474847192385,47.011863708496094,266106910.4011388,81.8862533569336
1008,True,True,558.0156485640188,17.686181640625,162.23688888549805,272.16436767578125,268.7480773925781,-34.997291564941406,162.40601907019885,17.59398092980116,31.761625289916992,266107013.1760381,17.763111114501953
1009,True,True,560.9439079329763,10.6468173828125,139.24319458007812,175.5925750732422,119.42264556884766,-34.996788024902344,139.47411103746393,40.52588896253607,18.669841766357422,266107255.1403638,40.756805419921875
1010,True,False,563.1119992002216,17.2634375,141.93365097045898,92.02759552001953,150.39169311523438,-34.99808120727539,142.21031415358365,37.78968584641634,58.81755065917969,266107435.3426145,38.066349029541016
1011,True,False,564.2020405332519,15.155671875,132.27857208251953,197.03665161132812,14.551809310913086,-34.99964904785156,132.57823513777114,47.421764862228855,13.051514625549316,266107532.00733614,47.72142791748047
1012,True,True,564.2020405332519,12.1077197265625,130.53321838378906,226.17950439453125,297.80401611328125,-34.99964904785156,130.83288143904068,49.167118560959324,21.77254295349121,266107548.23298213,49.46678161621094
1013,True,True,564.9160191386843,49.1062734375,159.95053482055664,187.10667419433594,152.3453369140625,-35.00204086303711,160.2652628243829,19.73473717561712,16.174461364746094,266107600.46762648,20.04946517944336
1014,True,True,567.9732982326759,16.820248046875,99.09280395507812,238.67495727539062,260.95074462890625,-35.00161361694336,99.47204054778759,80.52795945221241,57.39460754394531,266107888.43448257,80.90719604492188
1015,True,True,568.9004200937111,24.3985703125,98.32970428466797,211.23968505859375,275.7610778808594,-35.001853942871094,98.72850314864527,81.27149685135473,49.31847381591797,266108043.9597249,81.67029571533203
1016,True,True,569.1730641393027,12.4251796875,145.10582733154297,281.2912292480469,158.54693603515625,-35.0033073425293,145.51037898488227,34.48962101511774,50.3422966003418,266108238.61056975,34.89417266845703
1017,True,False,567.0972960965262,76.780796875,111.80712890625,250.81976318359375,186.9087677001953,-34.99839782714844,112.1678818538867,67.8321181461133,63.36330032348633,266108539.201609,68.19287109375
1018,True,True,564.333689443906,15.2266552734375,114.4640884399414,243.3762664794922,180.1390380859375,-34.998008728027344,114.76652928720782,65.23347071279218,60.00782012939453,266108718.59111956,65.5359115600586
1019,True,False,561.3464963126312,28.90836328125,179.3450597524643,23.371658325195312,85.26522827148438,-34.997406005859375,179.58447082466083,0.4155291753391875,35.5799446105957,266108853.2668585,0.6549402475357056
1020,True,True,544.4405002551321,99.7654609375,170.15512561798096,176.30552673339844,62.72720718383789,-35.00148010253906,170.03782017336425,9.962179826635756,26.07694435119629,266109639.0499095,9.844874382019043
1021,True,True,540.6657006376224,29.443107421875,147.99136352539062,61.704227447509766,310.572998046875,-35.00382995605469,147.79440980884445,32.205590191155544,49.032752990722656,266110454.74532408,32.008636474609375
1022,True,True,546.9831408853721,64.95598046875,155.58540725708008,306.2725830078125,333.3836364746094,-34.99530029296875,155.52175152976145,24.47824847023857,54.37068176269531,266111029.4225934,24.414592742919922
1023,True,False,547.7122107338415,15.843376953125,143.33768844604492,48.78147506713867,275.14776611328125,-34.995513916015625,143.289416092529,36.71058390747102,62.67365646362305,266111092.90181127,36.66231155395508
1024,True,False,548.744731152251,10.364421875,111.24210357666016,141.25807189941406,176.53271484375,-34.99539566040039,111.21561740397266,68.78438259602734,42.978694915771484,266111175.61444804,68.75789642333984
1025,True,True,551.369485991979,36.98245703125,105.05994415283203,197.84634399414062,92.664794921875,-34.998939514160156,105.08884030726279,74.91115969273721,41.206092834472656,266111453.6140373,74.94005584716797
1026,True,True,551.369485991979,63.59508984375,121.12292098999023,221.7861328125,48.953094482421875,-34.998939514160156,121.15181714442099,58.84818285557901,34.835208892822266,266111480.2693762,58.877079010009766
1027,True,False,553.2831926547242,19.868236328125,131.42267990112305,206.10557556152344,87.38388061523438,-21.445526123046875,131.49195526613772,48.50804473386227,36.12662124633789,266111957.92863607,48.57732009887695
1028,True,True,553.5689050115845,12.6191396484375,154.2985134124756,317.815673828125,17.83685874938965,10.521309852600098,154.37381730822003,25.62618269177998,22.37781524658203,266112036.93542564,25.701486587524414
1029,True,True,553.6694619912826,23.39894921875,146.07636260986328,241.08819580078125,76.44141387939453,20.37447738647461,146.15378825787934,33.84621174212066,51.89695358276367,266112057.42482826,33.92363739013672
1030,True,False,569.2150221810888,23.104474609375,149.21628952026367,311.77545166015625,174.25987243652344,35.00130844116211,149.62172648828465,30.378273511715356,28.06293487548828,266114012.84173572,30.783710479736328
1031,True,False,567.9746017176499,14.36375390625,124.43805694580078,271.63555908203125,172.05398559570312,35.000572204589844,124.8173210420432,55.1826789579568,60.90631866455078,266114193.56253,55.56194305419922
1032,True,False,566.4871156466621,11.246916015625,128.56201553344727,333.3643493652344,118.65206909179688,35.00066375732422,128.90989367359185,51.09010632640816,22.199636459350586,266114305.9390781,51.437984466552734
1033,True,True,553.8523581402854,62.3524296875,119.6885871887207,70.5864486694336,341.8458557128906,35.001651763916016,119.76987194548073,60.23012805451928,66.2229995727539,266114928.16852516,60.3114128112793
1034,True,True,549.730837376804,10.4882705078125,123.57679748535156,23.834190368652344,20.788331985473633,35.002262115478516,123.57111815400214,56.42888184599787,38.3238639831543,266115087.52337298,56.42320251464844
1035,True,True,543.138559158465,12.9706201171875,106.168212890625,335.2707214355469,112.52784729003906,35.00349044799805,106.02343648886861,73.97656351113139,38.89002990722656,266115469.08836782,73.831787109375
1036,True,False,540.0549579870423,13.055669921875,134.86057662963867,324.90740966796875,172.6936492919922,34.996925354003906,134.65073624316526,45.34926375683474,12.027162551879883,266115783.38880444,45.13942337036133
1037,True,True,539.7382089354727,10.309087890625,153.1926040649414,58.86347579956055,19.17311668395996,34.996212005615234,152.97608027347988,27.02391972652012,40.15010070800781,266115952.08277676,26.807395935058594
1038,True,True,540.5863243174134,15.336400390625,177.14154887199402,181.06048583984375,5.0651631355285645,34.99920654296875,176.94292031509144,3.057079684908558,37.62885665893555,266116179.53184837,2.8584511280059814
1039,True,True,542.1302072319197,35.94968359375,77.92753601074219,328.9664001464844,223.2346649169922,35.00701141357422,77.76148338333569,102.23851661666431,67.9899673461914,266116349.40769452,102.07246398925781
1040,True,False,547.1798480379356,19.691103515625,115.14620971679688,345.2059631347656,259.1114807128906,35.00346374511719,115.08670451039731,64.91329548960269,30.35710906982422,266116777.4164038,64.85379028320312
1041,True,True,547.1798480379356,10.0467373046875,130.3448600769043,72.64493560791016,136.5552978515625,35.00346374511719,130.28535487050473,49.71464512949526,52.47914505004883,266116783.2147121,49.6551399230957
1042,True,True,548.5604922681036,31.092478515625,91.60271453857422,354.8216247558594,253.36599731445312,34.999385833740234,91.5723409254312,88.4276590745688,53.381412506103516,266116894.4120538,88.39728546142578
1043,True,True,552.8336564381787,12.636345703125,107.76434326171875,323.6429138183594,347.02691650390625,34.99832534790039,107.82413341256432,72.17586658743568,54.32029342651367,266117597.8437192,72.23565673828125
1044,True,False,552.9248305124764,10.7977958984375,115.39502716064453,22.22123908996582,269.3422546386719,34.57927703857422,115.45674108445779,64.54325891554221,31.188236236572266,266117615.85149357,64.60497283935547
1045,True,True,552.9248305124764,36.4606953125,133.00100708007812,127.21656799316406,149.87844848632812,34.57927703857422,133.06272100389137,46.937278996108624,63.71499252319336,266117629.2808097,46.998992919921875
1046,True,True,553.7248125607945,13.09198828125,152.07185554504395,189.2277069091797,227.58807373046875,-32.57806396484375,152.1504490900767,27.84955090992329,8.388470649719238,266117855.8554207,27.928144454956055
1047,True,True,554.108960873415,12.936552734375,151.01434326171875,167.7849578857422,206.59893798828125,-35.377506256103516,151.1010423361478,28.898957663852194,19.10192108154297,266117942.01420736,28.98565673828125
1048,True,True,554.5720724915565,18.161224609375,127.37968826293945,137.08274841308594,176.9866485595703,-35.001583099365234,127.4761589925113,52.523841007488706,47.12798309326172,266118029.80455184,52.62031173706055
1049,True,True,556.2285061428761,13.2086884765625,121.23261642456055,134.9837646484375,162.6575164794922,-35.00133514404297,121.36403790417523,58.635962095824766,53.910823822021484,266118289.84587407,58.76738357543945
1050,True,False,565.8143481979405,14.1987890625,88.43124389648438,215.9517364501953,226.77818298339844,-34.99860763549805,88.76492664346092,91.23507335653908,66.37432861328125,266120101.719722,91.56875610351562
1051,True,False,564.7857290635154,19.029921875,131.6570167541504,111.29415893554688,9.499429702758789,-34.99821090698242,131.96899563739055,48.03100436260944,41.008575439453125,266120154.4490328,48.34298324584961
1052,True,True,564.2336580361012,41.47794140625,77.94955444335938,175.70668029785156,266.0175476074219,-34.99796676635742,78.2498846279211,101.7501153720789,67.11832427978516,266120189.30492568,102.05044555664062
1053,True,True,552.0241815747978,30.405962890625,140.55469131469727,113.30663299560547,351.43218994140625,-34.99831771850586,140.5974015459255,39.4025984540745,27.40641212463379,266120731.58229947,39.445308685302734
1054,True,True,541.4673891336053,10.07047265625,130.19058990478516,242.5229949951172,108.31673431396484,-35.001895904541016,130.01055181550424,49.98944818449577,57.19911193847656,266121319.90409973,49.809410095214844
1055,True,True,540.0107218377921,10.34519140625,149.39736366271973,102.9190444946289,327.4053039550781,-35.00812911987305,149.18658989349714,30.81341010650286,27.814050674438477,266121551.702861,30.602636337280273
1056,True,True,540.5447432818338,10.4703037109375,151.08924293518066,87.33109283447266,306.3963623046875,-35.00615310668945,150.88973701842735,29.110262981572642,36.40904998779297,266121900.49820125,28.910757064819336
1057,True,True,542.3402172157415,29.412734375,149.1071662902832,87.67430114746094,286.368896484375,-35.00075912475586,148.94554487353534,31.05445512646465,38.90271759033203,266122113.6673183,30.892833709716797
1058,True,True,543.3335253368233,73.2783359375,166.69803619384766,240.9719696044922,354.772216796875,-35.000118255615234,166.55737357845462,13.442626421545372,33.9254264831543,266122207.589763,13.301963806152344
1059,True,True,548.6651358303724,11.5896103515625,164.4533634185791,107.70470428466797,275.0323181152344,-34.99665451049805,164.42519778459996,15.574802215400041,32.60872268676758,266122664.89128262,15.546636581420898
1060,True,True,551.8669499649483,11.45969921875,165.0027027130127,12.277596473693848,284.0591125488281,-34.999549865722656,165.0420953572731,14.957904642726897,49.935401916503906,266123093.75254825,14.997297286987305
1061,True,True,551.988803277476,18.1884453125,112.84541320800781,131.14215087890625,182.34359741210938,-34.99869155883789,112.88737695716256,67.11262304283744,54.61617660522461,266123140.1002885,67.15458679199219
1062,True,True,552.2103880529967,19.99480078125,107.83910369873047,210.99636840820312,73.50682830810547,-34.9992790222168,107.8857428866487,72.1142571133513,39.657169342041016,266123200.78123537,72.16089630126953
1063,True,True,553.7586359697059,15.582392578125,173.80008697509766,24.243371963500977,111.05970001220703,36.09406280517578,173.87939419405845,6.120605805941549,29.665172576904297,266123649.51530257,6.199913024902344
1064,True,True,555.8124224454846,10.5264130859375,101.16632843017578,60.33976364135742,259.14208984375,35.00263977050781,101.2889705437755,78.7110294562245,51.75871658325195,266123978.90501192,78.83367156982422
1065,True,True,556.8636879772394,23.61594140625,88.8564453125,35.68074417114258,299.16204833984375,35.002811431884766,89.00126912881976,90.99873087118024,56.695926666259766,266124091.70171458,91.1435546875
1066,True,False,559.7584252208712,19.191453125,113.35646057128906,334.0542297363281,100.6710205078125,35.00059127807617,113.56236334344945,66.43763665655055,32.80220031738281,266126135.2395208,66.64353942871094
1067,True,False,559.7584252208712,29.6275625,164.2340955734253,42.654449462890625,289.5530700683594,35.00059127807617,164.43999834558568,15.560001654414323,29.268781661987305,266126150.45856005,15.765904426574707
1068,True,True,554.0758515887132,11.6304931640625,100.36503601074219,316.7337341308594,121.78646087646484,35.00046920776367,100.45103647926403,79.54896352073597,48.33069610595703,266126395.27992666,79.63496398925781
1069,True,True,552.6624897543168,16.932212890625,148.67564010620117,200.46823120117188,249.5348663330078,35.000247955322266,148.73181864001725,31.268181359982744,61.52092742919922,266126457.03890625,31.324359893798828
1070,True,True,551.9662432028628,11.71883203125,144.9001235961914,302.9659118652344,197.6884002685547,35.000282287597656,144.9416113277718,35.05838867222819,20.32284927368164,266126476.3242214,35.099876403808594
1071,True,True,547.4160277593215,15.1626826171875,121.48197555541992,18.006000518798828,32.80336380004883,35.00067901611328,121.4274537411416,58.572546258858395,37.63315200805664,266126685.271449,58.51802444458008
1072,True,True,540.1895386359959,17.36628515625,92.74047088623047,331.4855651855469,141.16650390625,35.000545501708984,92.53347015144998,87.46652984855002,52.3941650390625,266127253.84528756,87.25952911376953
1073,True,True,540.4808821601046,13.160802734375,134.89673614501953,346.8965148925781,148.08663940429688,34.99934387207031,134.69588275859775,45.30411724140226,11.477787971496582,266127600.51326647,45.10326385498047
1074,True,True,543.8231930742459,16.555427734375,113.2535629272461,348.3927917480469,221.5816650390625,34.9996223449707,113.12323230111268,66.87676769888732,31.787883758544922,266127981.9482288,66.7464370727539
1075,True,True,547.082003579939,181.025578125,154.55584716796875,281.9433898925781,18.793216705322266,34.9981803894043,154.49427744350547,25.505722556494536,34.89474868774414,266128234.16015553,25.44415283203125
1076,True,True,550.0754252861012,25.886580078125,148.10186004638672,134.9022979736328,105.38996887207031,34.999515533447266,148.10345151992345,31.896548480076547,60.74905776977539,266128541.31816494,31.89813995361328
1077,True,True,550.9146825749777,26.3776953125,161.92035484313965,101.84876251220703,112.02587890625,34.99957275390625,161.93965464547168,18.06034535452832,40.64887237548828,266128659.35127586,18.07964515686035
1078,True,True,551.5555156238408,17.445033203125,165.66250038146973,33.278995513916016,103.56415557861328,34.999881744384766,165.69532176113276,14.304678238867231,22.664918899536133,266128778.58325237,14.337499618530273
1079,True,False,553.298193902221,11.00699609375,99.28247833251953,142.73419189453125,155.40867614746094,-23.242618560791016,99.35207022385639,80.64792977614361,68.0099868774414,266129289.1552845,80.71752166748047
1080,True,True,553.8189067973846,32.29169140625,117.20616149902344,177.48924255371094,126.97108459472656,-35.643463134765625,117.28674043244825,62.713259567551745,32.920631408691406,266129411.94709188,62.79383850097656
1081,True,True,554.4820280503369,30.034134765625,110.22142028808594,152.51829528808594,147.85548400878906,-35.00390625,110.31599107994805,69.68400892005195,51.70941162109375,266129523.6161127,69.77857971191406
1082,True,False,555.3035624399745,16.362865234375,162.41336059570312,10.547414779663086,258.5135803222656,-34.99839782714844,162.52526576318658,17.474734236813415,52.1597900390625,266129657.88794523,17.586639404296875
1083,True,True,556.2924694549545,17.0993359375,126.80474472045898,138.11460876464844,163.48606872558594,-35.00007629394531,126.93751582595851,53.06248417404148,48.170318603515625,266129788.65239304,53.195255279541016
1084,True,True,558.0765128543184,23.170556640625,150.15874481201172,93.99996948242188,201.5726318359375,-34.99636459350586,150.32915923323785,29.670840766762165,52.76080322265625,266129940.46310213,29.84125518798828
1085,True,False,559.0831961646855,15.052884765625,100.59331512451172,214.77720642089844,36.370845794677734,-34.996826171875,100.78497056358658,79.21502943641342,45.026832580566406,266130043.1472617,79.40668487548828
1086,True,True,540.6919089733889,11.3974033203125,101.27963256835938,149.31710815429688,222.4915313720703,-35.00978469848633,101.08323184769787,78.91676815230213,43.90351867675781,266132914.54599604,78.72036743164062
1087,True,True,541.0543865114819,33.114640625,99.28113555908203,148.92401123046875,187.60269165039062,-35.006343841552734,99.0923831144743,80.9076168855257,46.59842300415039,266133423.60721582,80.71886444091797
1088,True,True,550.8458190245022,19.929841796875,159.00906562805176,356.1044616699219,295.4139404296875,-34.99785614013672,159.02691240946876,20.973087590531243,55.73257064819336,266134391.04647863,20.990934371948242
1089,True,True,552.2644365107706,67.0831875,143.28102493286133,118.57295989990234,219.778564453125,-34.99897003173828,143.3288045432386,36.67119545676141,42.02647018432617,266134697.82298324,36.71897506713867
1090,True,False,555.1438866862699,19.05561328125,128.31029510498047,26.759450912475586,294.53472900390625,35.00474548339844,128.41883111406077,51.581168885939235,16.689821243286133,266135358.2549211,51.68970489501953
1091,True,True,556.6512716438427,18.52028125,142.89730072021484,342.2901306152344,53.04515075683594,35.002845764160156,143.03764255189992,36.96235744810007,25.138704299926758,266135539.2027646,37.102699279785156
1092,True,True,557.5427132085472,81.4775,129.3249053955078,136.2122039794922,186.18006896972656,35.00277328491211,129.48405664420815,50.51594335579184,68.73619842529297,266135633.9705309,50.67509460449219
1093,True,True,557.8586846933017,11.12820703125,171.87334728240967,186.7160186767578,141.55572509765625,35.002967834472656,172.03916552943832,7.960834470561666,42.82133483886719,266135674.39078337,8.126652717590332
1094,True,True,558.1834771342538,565.70175,101.96501159667969,50.13737869262695,286.172607421875,35.00271987915039,102.13768296421244,77.86231703578756,47.08881378173828,266135708.39756265,78.03498840332031
1095,True,True,558.5150411977885,10.3236337890625,158.2644157409668,106.00455474853516,178.88951110839844,35.00284194946289,158.44408311024014,21.555916889759867,37.29803466796875,266135737.43453038,21.735584259033203
1096,True,True,561.0427164854146,15.999595703125,114.88951873779297,52.29615020751953,291.8337707519531,35.0009880065918,115.12252005563522,64.87747994436478,36.41339874267578,266135949.1628003,65.11048126220703
1097,True,True,561.0427164854146,20.318515625,142.15166854858398,167.33619689941406,181.31358337402344,35.0009880065918,142.38466986642624,37.615330133573764,68.60214233398438,266135953.8068493,37.848331451416016
1098,True,True,562.1978390670363,13.3538759765625,141.55565643310547,165.8695068359375,187.6281280517578,35.00807189941406,141.81303083741994,38.18696916258006,68.96389770507812,266136020.73650458,38.44434356689453
1099,True,True,543.3831927074373,13.6096884765625,99.91494750976562,356.75067138671875,82.63216400146484,35.003326416015625,99.77533287589254,80.22466712410746,48.41542434692383,266138378.6160511,80.08505249023438
1100,True,True,543.9818778628115,34.51007421875,148.82122802734375,31.348800659179688,105.60942840576172,34.99993133544922,148.69424565024906,31.305754349750927,24.629121780395508,266139432.19832712,31.17877197265625
1101,True,True,545.4199693268005,37.52458203125,130.39938735961914,58.82521438598633,130.4305877685547,35.00168228149414,130.30274871241463,49.69725128758537,47.15386199951172,266139547.0100611,49.60061264038086
1102,True,True,553.104719424889,22.130001953125,104.42266845703125,190.04371643066406,106.20166015625,-9.601664543151855,104.48817803689641,75.51182196310359,60.80416488647461,266140732.22946334,75.57733154296875
1103,True,True,553.2161529897107,25.1201015625,156.22225379943848,234.00685119628906,332.808349609375,-19.457443237304688,156.29011462752138,23.709885372478627,14.38197135925293,266140771.58407852,23.777746200561523
1104,True,True,554.2154280215175,10.9699130859375,109.21389770507812,142.16575622558594,156.9877166748047,-35.006134033203125,109.30284323633214,70.69715676366786,58.22612380981445,266140984.6716134,70.78610229492188
1105,True,True,554.3953751099048,13.0989375,109.478271484375,177.65223693847656,117.9707260131836,-35.001373291015625,109.57101389919399,70.42898610080601,40.79608917236328,266141011.66594744,70.521728515625
1106,True,True,557.9865342415005,14.226296875,152.60343551635742,173.04006958007812,183.76568603515625,-34.99723815917969,152.7719513888531,27.228048611146917,18.27676773071289,266141420.99662983,27.396564483642578
1107,True,True,560.832751128964,10.89648828125,147.27964782714844,162.77230834960938,147.9606475830078,-34.996803283691406,147.5082188759696,32.491781124030425,23.003141403198242,266141664.13310322,32.72035217285156
1108,True,True,561.9812839833546,18.45684375,151.8603057861328,181.4545135498047,155.01162719726562,-34.9959716796875,152.1131108781816,27.886889121818406,13.434412002563477,266141750.04569155,28.139694213867188
1109,True,True,563.1487391236348,14.2983759765625,162.78396034240723,162.2357635498047,167.85511779785156,-34.99665832519531,163.0613987379159,16.93860126208408,24.330867767333984,266141825.67965513,17.216039657592773
1110,True,True,565.4384254934852,26.9309453125,177.1088571548462,29.680204391479492,167.30694580078125,-35.00053024291992,177.43460793275872,2.5653920672412713,37.9005241394043,266142027.37034336,2.8911428451538086
1111,True,True,565.7957571359909,14.07796484375,175.1409158706665,236.77879333496094,169.71726989746094,-34.99978256225586,175.47420634623592,4.5257936537640875,31.322254180908203,266142058.1147289,4.859084129333496
1112,True,False,566.1474268197762,12.9993916015625,153.88386344909668,335.2442321777344,184.160888671875,-35.00016403198242,154.22457415499395,25.77542584500604,56.45891571044922,266142067.98144057,26.11613655090332
1113,True,True,566.8347336917664,42.71946875,142.7452163696289,232.99974060058594,234.84239196777344,-34.9993782043457,143.10042925052517,36.899570749474826,20.79047966003418,266142141.7244922,37.254783630371094
1114,True,True,567.4712760114951,15.0933505859375,115.19194793701172,230.87588500976562,270.61822509765625,-34.99985885620117,115.56059186085426,64.43940813914574,39.18574523925781,266142212.28127727,64.80805206298828
1115,True,True,540.0635214282142,38.50487109375,152.45734024047852,90.72756958007812,329.5047302246094,-35.009918212890625,152.24768054261384,27.752319457386164,33.1379280090332,266144588.24219087,27.542659759521484
1116,True,False,541.8984330823723,10.70658203125,98.2548599243164,149.2066650390625,182.65269470214844,-35.00327682495117,98.08391686235446,81.91608313764554,47.835208892822266,266144969.05840006,81.7451400756836
1117,True,False,544.4749625070314,20.335119140625,84.34209442138672,139.07748413085938,177.34605407714844,-34.99453353881836,84.22551613028509,95.77448386971491,65.09073638916016,266145215.5177651,95.65790557861328
1118,True,True,562.0912018887902,27.102470703125,146.27862167358398,66.2823486328125,233.24598693847656,35.006629943847656,146.53374603343747,33.46625396656254,23.85076904296875,266147502.222969,33.721378326416016
1119,True,True,564.4109990172084,10.666845703125,172.85970449447632,28.459379196166992,180.79331970214844,35.00651931762695,173.16377657373943,6.8362234262605845,27.9732666015625,266147668.3271355,7.140295505523682
1120,True,True,564.7942384875076,20.1480625,123.55066299438477,52.07783508300781,304.1416931152344,35.006980895996094,123.86282142647119,56.13717857352882,30.655996322631836,266147713.5408398,56.449337005615234
1121,True,True,569.464690397931,14.7262451171875,157.8753547668457,336.9253234863281,185.80526733398438,35.00005340576172,158.28605973424206,21.71394026575795,19.700725555419922,266148214.71788514,22.124645233154297
1122,True,True,569.5547186814692,63.3883828125,151.1665802001953,136.0084686279297,251.08169555664062,34.997188568115234,151.5791847643743,28.420815235625685,56.637935638427734,266148235.40155056,28.833419799804688
1123,True,True,569.6166269072351,12.258650390625,121.50026321411133,335.9307861328125,102.55473327636719,34.999168395996094,121.91417404185398,58.08582595814601,32.47957229614258,266148267.8538949,58.49973678588867
1124,True,True,569.6451514254621,10.433947265625,129.38525009155273,79.201904296875,305.1446838378906,34.99868392944336,129.79976278662997,50.200237213370016,49.42815017700195,266148317.1590129,50.614749908447266
1125,True,True,569.3133617701035,11.32401953125,99.97019958496094,64.80801391601562,342.9796142578125,35.00016784667969,100.37771151831012,79.62228848168988,66.004638671875,266148437.949758,80.02980041503906
1126,True,True,541.6863261853565,17.281587890625,174.4621295928955,324.0244445800781,12.618067741394043,34.99702453613281,174.28671107540654,5.71328892459347,29.714345932006836,266150665.06493026,5.537870407104492
1127,True,True,544.8591589400884,10.5663447265625,119.69945526123047,326.28204345703125,269.1849670410156,34.999019622802734,119.59098351486634,60.40901648513367,29.657161712646484,266150972.0303612,60.30054473876953
1128,True,True,555.1210472113397,18.743552734375,118.71441268920898,150.3250274658203,151.9319305419922,-34.99705505371094,118.82246678536825,61.17753321463175,46.833465576171875,266152589.0127828,61.285587310791016
1129,True,False,558.3260240121579,15.5465478515625,136.10376739501953,131.0651092529297,164.8449249267578,-34.99564743041992,136.27944650167606,43.72055349832394,45.85800552368164,266152925.00862128,43.89623260498047
1130,True,True,560.136836804786,13.6890234375,146.62467575073242,149.54588317871094,156.7890625,-34.995018005371094,146.8385630073134,33.161436992686596,30.267457962036133,266153077.7731742,33.37532424926758
1131,True,True,560.136836804786,12.375361328125,140.8731460571289,166.44140625,135.53182983398438,-34.995018005371094,141.0870333137099,38.91296668629011,23.17520523071289,266153086.39799723,39.126853942871094
1132,True,True,560.517437276662,12.6604375,163.80980110168457,106.69029998779297,190.97117614746094,-34.99464797973633,164.03171902822214,15.968280971777862,40.104400634765625,266153120.58015156,16.19019889831543
1133,True,False,563.2769207101453,15.9951474609375,150.88688850402832,227.9964141845703,248.9498291015625,-34.99668502807617,151.16703153101238,28.832968468987612,14.689510345458984,266153317.3154328,29.11311149597168
1134,True,True,563.6704128838687,17.108708984375,101.85762786865234,201.290283203125,11.807475090026855,-34.998409271240234,102.14607358050198,77.85392641949802,43.11990737915039,266153335.8127272,78.14237213134766
1135,True,True,564.0593287885018,53.42598046875,162.01896286010742,165.6081085205078,157.11085510253906,-35.00141906738281,162.31561469754482,17.68438530245519,22.74664878845215,266153376.1964238,17.981037139892578
1136,True,True,565.208274062576,17.374451171875,147.36053466796875,205.59426879882812,223.02578735351562,-35.00016784667969,147.68142925068912,32.318570749310894,3.7651517391204834,266153450.84860617,32.63946533203125
1137,True,True,565.9452031377443,110.3749765625,127.13699722290039,205.7017059326172,325.15423583984375,-35.00117874145508,127.47344100910679,52.52655899089321,18.42786979675293,266153540.32568422,52.86300277709961
1138,True,True,569.082068243414,10.6012197265625,153.47826957702637,131.0390625,79.4266128540039,-35.000972747802734,153.8809012169624,26.119098783037597,30.65851402282715,266153869.8046923,26.521730422973633
1139,True,True,569.5947496917148,10.1626240234375,159.64045524597168,72.83307647705078,96.55769348144531,-34.99555587768555,160.05390446446685,19.94609553553314,47.09431457519531,266153965.78187868,20.35954475402832
1140,True,False,569.6814887367884,44.0747890625,141.84215545654297,45.31287384033203,93.13479614257812,-34.997074127197266,142.25743486888922,37.742565131110794,68.48851013183594,266154032.67813054,38.15784454345703
1141,True,False,568.9599498673089,11.8414794921875,102.89933776855469,125.14694213867188,354.66241455078125,-34.99803161621094,103.2993927107549,76.7006072892451,59.909488677978516,266154239.55268064,77.10066223144531
1142,True,True,566.1294155822917,10.37415625,118.08389663696289,245.6862335205078,183.28077697753906,-34.99916458129883,118.42422730574924,61.57577269425075,57.364601135253906,266154478.06813148,61.91610336303711
1143,True,True,565.6369356338208,15.0935478515625,124.48340606689453,173.35963439941406,271.5256652832031,-34.999237060546875,124.81334540876816,55.18665459123185,20.48326301574707,266154527.8223254,55.51659393310547
1144,True,True,564.5753073627368,10.6313095703125,145.35258102416992,117.77001190185547,26.50086212158203,-34.99955749511719,145.66012000952367,34.339879990476334,29.609100341796875,266154565.23895463,34.64741897583008
1145,True,True,540.3777017911356,33.34510546875,169.58125591278076,58.610595703125,12.22612190246582,-35.00474166870117,169.37822542057373,10.621774579426278,37.45077133178711,266155941.95436186,10.418744087219238
1146,True,True,540.3422958834083,19.823458984375,132.41211700439453,238.3265838623047,77.23015594482422,-35.012794494628906,132.20833944753446,47.79166055246555,51.61741638183594,266156185.96672028,47.58788299560547
1147,True,True,541.5579883502909,10.834396484375,154.23429489135742,327.1832580566406,356.3856201171875,-35.011070251464844,154.05616844554856,25.94383155445144,60.24713134765625,266156400.20782,25.765705108642578
1148,True,True,542.0817014820278,10.63505859375,140.2415771484375,119.69379425048828,262.2381286621094,-35.008750915527344,140.0745010497083,39.92549895029171,25.761184692382812,266156448.55888918,39.7584228515625
1149,True,False,542.6598415145933,10.3677138671875,142.16864395141602,117.49370574951172,264.0052185058594,-35.00823211669922,142.01376660737392,37.98623339262607,26.732025146484375,266156496.39599875,37.831356048583984
1150,True,True,548.334789554902,26.971658203125,144.42935943603516,282.4694519042969,349.1104431152344,-34.99713134765625,144.3942234956436,35.60577650435641,54.79632568359375,266157008.1707677,35.570640563964844
1151,True,False,549.8836712360059,14.2644697265625,92.90833282470703,124.52986907958984,180.98794555664062,-34.99708938598633,92.90587828778675,87.09412171221325,69.82705688476562,266157198.44954273,87.09166717529297
1152,True,True,551.9988417183262,23.2220859375,97.16874694824219,183.14501953125,114.26414489746094,-35.00123977661133,97.21092250849887,82.78907749150113,48.886138916015625,266157671.93565825,82.83125305175781
1153,True,True,552.1627710194728,16.0893974609375,100.74861145019531,192.09620666503906,102.33617401123047,-34.999481201171875,100.79424591870618,79.20575408129382,44.488197326660156,266157748.7080951,79.25138854980469
1154,True,True,556.1507147795658,12.426501953125,91.18159484863281,42.21311569213867,287.37005615234375,35.00466537475586,91.31137493048165,88.68862506951835,55.45231628417969,266158458.79173082,88.81840515136719
1155,True,True,556.7408851015583,29.455482421875,129.60877227783203,132.96627807617188,183.4075164794922,35.00223159790039,129.7510049534749,50.24899504652509,67.05130004882812,266158506.32123232,50.39122772216797
1156,True,True,559.0907855027797,15.3404169921875,115.20945739746094,61.6602897644043,267.1603088378906,35.00920486450195,115.40127297156958,64.59872702843042,39.911319732666016,266158719.0493611,64.79054260253906
1157,True,False,562.9672871838723,11.13283203125,104.06504821777344,40.450645446777344,323.5661315917969,35.00629425048828,104.33865797735314,75.66134202264686,43.20054626464844,266159035.32387212,75.93495178222656
1158,True,False,564.9373441949101,12.9831806640625,145.0794219970703,21.092132568359375,250.68287658691406,35.0013427734375,145.39459995958293,34.60540004041708,0.3309102952480316,266159169.2532306,34.92057800292969
1159,True,True,565.3170199570219,19.04978125,166.7305393218994,63.95635223388672,205.10244750976562,35.00089645385742,167.05372844299256,12.946271557007424,26.89998435974121,266159202.37471238,13.269460678100586
1160,True,True,565.6896379359774,25.06771875,145.69585800170898,41.52715301513672,265.6640930175781,35.00071716308594,146.0269093621581,33.97309063784189,12.621877670288086,266159242.67244428,34.304141998291016
1161,True,True,566.4110722039978,24.19387890625,128.81607818603516,299.23394775390625,120.88029479980469,35.00019836425781,129.1623518095395,50.83764819046049,53.13114929199219,266159306.26746118,51.183921813964844
1162,True,True,567.0900263775002,14.164935546875,132.52597045898438,352.7344970703125,79.29338073730469,35.00042724609375,132.88657001554964,47.11342998445037,20.228290557861328,266159345.17016485,47.474029541015625
1163,True,False,567.4081200906946,20.00464453125,153.0657081604004,68.48591613769531,251.1533203125,35.00043869018555,153.43301949431404,26.56698050568595,27.039276123046875,266159374.50808758,26.93429183959961
1164,True,True,568.5148551453433,35.37587890625,160.28397941589355,19.032459259033203,216.92735290527344,35.00123596191406,160.6746428594603,19.3253571405397,15.47879695892334,266159505.50564384,19.716020584106445
1165,True,True,568.7457564329844,11.278548828125,143.92047500610352,256.7485046386719,174.04383850097656,34.99883270263672,144.3160104668395,35.68398953316051,59.14374542236328,266159531.96694458,36.079524993896484
1166,True,True,569.1337285747251,12.4489072265625,155.6872158050537,64.14422607421875,261.7873840332031,34.9970588684082,156.09093747798042,23.90906252201959,27.12946891784668,266159586.50282732,24.31278419494629
1167,True,True,559.924262871119,132.680671875,95.24850463867188,345.38128662109375,80.67127990722656,35.00277328491211,95.45790658525249,84.54209341474751,49.78982925415039,266160539.59963787,84.75149536132812
1168,True,True,540.2457742990562,10.1928828125,132.12324142456055,93.72573852539062,12.386391639709473,34.99583053588867,131.91742726227062,48.082572737729365,69.37500762939453,266161768.53978512,47.87675857543945
1169,True,True,540.5383912463276,24.58055078125,126.23895645141602,33.80899429321289,82.43236541748047,35.00306701660156,126.03931650671353,53.960683493286474,41.87863540649414,266161944.4682811,53.761043548583984
1170,True,True,545.4433349872561,10.09840625,88.61502075195312,0.544881284236908,216.62014770507812,35.00127029418945,88.51887512018423,91.48112487981577,57.174522399902344,266162468.7407074,91.38497924804688
1171,True,True,549.4751109770301,11.6263330078125,141.58615112304688,267.46826171875,22.020769119262695,34.999168395996094,141.5750759646622,38.42492403533779,51.59549331665039,266162873.0557746,38.413848876953125
1172,True,True,552.146983568458,19.20585546875,77.7132568359375,18.62649917602539,274.69384765625,34.99918746948242,77.75855818923196,102.24144181076804,67.25917053222656,266163460.3417924,102.2867431640625
1173,True,True,555.8479627861427,103.901546875,137.7330207824707,200.54478454589844,92.47750091552734,-34.99741744995117,137.85641279725832,42.143587202741685,7.947576522827148,266164172.48971784,42.2669792175293
1174,True,True,558.0289322158011,84.381984375,126.84017562866211,138.18106079101562,152.18605041503906,-34.99711608886719,127.00958609841551,52.99041390158449,48.1478271484375,266164369.90666687,53.15982437133789
1175,True,True,558.3727929218659,15.2516484375,132.63462448120117,160.4868621826172,138.2602081298828,-34.99549102783203,132.81129041185255,47.18870958814746,31.45997428894043,266164406.68284097,47.36537551879883
1176,True,True,560.2139605169682,24.715060546875,141.14090728759766,140.85784912109375,151.72268676757812,-34.995670318603516,141.3564218545057,38.64357814549432,37.22956085205078,266164549.0441428,38.859092712402344
1177,True,True,562.1875982282061,19.00016796875,131.23870468139648,193.2646026611328,55.614009857177734,-34.99571228027344,131.49586300401162,48.50413699598837,15.308820724487305,266164689.91884512,48.761295318603516
1178,True,True,564.964211705252,11.9928876953125,130.93158721923828,205.62738037109375,341.1929931640625,-35.00045394897461,131.2473320862191,48.752667913780904,14.442438125610352,266164906.45410007,49.06841278076172
1179,True,True,566.0868132617682,11.9072265625,77.56916046142578,176.730712890625,7.108619213104248,-35.000213623046875,77.9085922212491,102.0914077787509,69.87040710449219,266165003.29437685,102.43083953857422
1180,True,True,567.7484605007431,13.7491455078125,151.3463363647461,19.85565757751465,143.17132568359375,-35.00080108642578,151.72082888131177,28.279171118688225,63.6540412902832,266165161.37010634,28.653663635253906
1181,True,True,568.3042889027919,13.0270927734375,128.3240852355957,87.8326644897461,86.78755187988281,-34.9996223449707,128.7103057314446,51.28969426855539,67.66118621826172,266165204.5129109,51.6759147644043
1182,True,True,568.7871827282894,28.1294375,177.18532919883728,231.44456481933594,137.74761962890625,-34.99988555908203,177.5817387544042,2.4182612455958137,32.91719436645508,266165277.34165508,2.8146708011627197
1183,True,True,569.1767919942627,66.735984375,169.33481884002686,262.4620361328125,148.056396484375,-35.00001525878906,169.7394491511058,10.260550848894203,33.08978271484375,266165340.5581571,10.665181159973145
1184,True,False,567.9822832435955,14.752173828125,162.10901641845703,172.13963317871094,97.57831573486328,-34.998416900634766,162.4884425948969,17.511557405103105,17.28836441040039,266165813.73764527,17.89098358154297
1185,True,True,545.542604013025,12.71020703125,118.79551696777344,122.8209457397461,294.7790222167969,-35.002044677734375,118.70146591244827,61.29853408755174,34.888065338134766,266166914.21243304,61.20448303222656
1186,True,True,543.6804151354033,16.50253125,151.94783973693848,264.8329772949219,87.75643920898438,-35.005149841308594,151.81449649629548,28.185503503704513,51.06508255004883,266167050.24960604,28.052160263061523
1187,True,False,548.1925177723351,10.31791796875,165.36495685577393,127.12461853027344,282.3426208496094,-34.99784469604492,165.32681898077018,14.673181019229803,27.435415267944336,266168455.7284985,14.635043144226074
1188,True,True,550.1868484685912,10.9598271484375,77.3579330444336,186.89385986328125,111.80403137207031,-34.99783706665039,77.36187554712087,102.63812445287913,67.76654815673828,266168694.13964295,102.6420669555664
1189,True,True,551.8372145734028,12.5701064453125,116.66286849975586,159.09059143066406,156.38043212890625,-34.99958419799805,116.70163372725466,63.29836627274534,38.25619888305664,266169087.86651593,63.33713150024414
1190,True,True,552.2337848381305,13.4583701171875,101.69068908691406,213.05567932128906,73.0697021484375,-34.99989700317383,101.73782194699862,78.26217805300138,45.04637145996094,266169225.98094824,78.30931091308594
1191,True,False,552.9263464468922,18.44957421875,133.59349822998047,100.35993194580078,180.98927307128906,17.119096755981445,133.6552441400099,46.3447558599901,46.99646759033203,266169461.7197299,46.40650177001953
1192,True,False,554.6303693463761,10.3936015625,118.40031433105469,333.9576416015625,13.962760925292969,35.00954818725586,118.49801512426322,61.501984875736774,44.90090560913086,266169759.38325736,61.59968566894531
1193,True,True,563.5374554623365,23.01302734375,122.33476638793945,59.748111724853516,285.3836975097656,34.99893569946289,122.62040669819476,57.379593301805244,34.66234588623047,266170517.8815051,57.66523361206055
1194,True,True,564.3439884330005,529.6063125,155.2065658569336,65.55960083007812,224.47718811035156,35.00008773803711,155.5092240128699,24.490775987130096,23.821359634399414,266170599.83244985,24.793434143066406
1195,True,True,564.7406289137363,11.9428486328125,170.0792999267578,144.74444580078125,192.20046997070312,35.000064849853516,170.39032719683766,9.609672803162352,41.31600570678711,266170621.96361127,9.920700073242188
1196,True,True,565.1319854617917,10.11721484375,162.01046752929688,75.04857635498047,215.12562561035156,34.99932861328125,162.32975242254068,17.67024757745932,28.298086166381836,266170656.5348196,17.989532470703125
1197,True,True,565.5167071595743,11.5672548828125,148.2352180480957,74.64820098876953,246.43748474121094,34.999149322509766,148.56262056916273,31.43737943083728,29.664182662963867,266170687.19821355,31.764781951904297
1198,True,True,565.5167071595743,14.6146669921875,111.24955749511719,312.5520324707031,89.6894760131836,34.999149322509766,111.5769600161842,68.4230399838158,59.58475875854492,266170688.04841423,68.75044250488281
1199,True,True,566.2639384616627,16.78626953125,169.92822360992432,68.22335815429688,206.11465454101562,34.99946975708008,170.2713927114654,9.728607288534599,29.399532318115234,266170739.40005022,10.071776390075684
1200,True,True,569.791042430392,17.722478515625,149.52244567871094,349.77294921875,167.54490661621094,34.996986389160156,149.9400366739922,30.05996332600779,10.547136306762695,266171192.42415628,30.477554321289062
1201,True,True,569.8374924380738,10.9391875,117.72676849365234,352.3403625488281,73.69984436035156,34.99764633178711,118.1453395840957,61.8546604159043,28.993446350097656,266171249.03291962,62.273231506347656
1202,True,True,569.541235157264,16.540794921875,156.9600429534912,273.0542907714844,197.9486083984375,35.001792907714844,157.37236301530947,22.62763698469052,40.885772705078125,266171362.12949416,23.03995704650879
1203,True,True,569.3832537666086,12.2362490234375,164.98419952392578,122.32862854003906,255.35264587402344,35.00527572631836,165.3931861784012,14.606813821598777,44.3818244934082,266171404.88820326,15.015800476074219
1204,True,False,567.7090518250112,37.93944921875,102.00614166259766,316.6655578613281,115.95004272460938,34.99903869628906,102.3798026561054,77.6201973438946,53.00330352783203,266171566.7172549,77.99385833740234
1205,True,True,566.8921576191451,77.5066484375,117.56406784057617,346.7384033203125,81.81849670410156,34.99961853027344,117.92049236634014,62.079507633659865,27.991655349731445,266171641.3762079,62.43593215942383
1206,True,True,565.9513268442033,13.8132353515625,126.15788650512695,270.9820251464844,176.93231201171875,35.00029373168945,126.49445950153964,53.505540498460356,56.415992736816406,266171705.76332623,53.84211349487305
1207,True,True,562.5295128151087,21.473109375,113.71006774902344,328.5382995605469,109.01192474365234,35.002967834472656,113.97444046942223,66.02555953057777,34.4246711730957,266171873.25441742,66.28993225097656
1208,True,True,557.0898787268068,22.65313671875,134.00051498413086,4.846549034118652,23.272592544555664,35.00316619873047,134.1501114252665,45.84988857473352,18.264957427978516,266172117.77899843,45.99948501586914
1209,True,True,554.9615616633221,17.49264453125,101.55970001220703,293.77593994140625,147.11830139160156,35.002628326416016,101.66438896330313,78.33561103669687,56.74473190307617,266172199.1947405,78.44029998779297
1210,True,True,550.8262766890497,82.6165078125,108.26795959472656,332.7938232421875,103.26872253417969,35.00323486328125,108.28539403286551,71.71460596713449,36.94910430908203,266172402.3765015,71.73204040527344
1211,True,True,548.9003495549184,12.9942314453125,129.10932159423828,33.317115783691406,7.638284206390381,35.00341796875,129.08611896984706,50.91388103015294,40.460487365722656,266172474.97519976,50.89067840576172
1212,True,True,544.0807778575455,10.8898056640625,131.8302001953125,30.89057731628418,17.23013687133789,35.00148010253906,131.7053046081067,48.29469539189329,38.41220474243164,266172752.54683447,48.1697998046875
1213,True,True,540.9293416816018,12.04777734375,123.52274703979492,358.2685546875,82.93425750732422,34.996910095214844,123.33135614927673,56.66864385072328,27.06032943725586,266173046.29399616,56.47725296020508
1214,True,True,543.3975121260054,13.2373974609375,134.74377059936523,78.53948211669922,93.43289947509766,35.0035514831543,134.60445810522396,45.39554189477605,56.45513916015625,266173776.51615816,45.256229400634766
1215,True,False,544.73363800536,15.2866025390625,124.74956512451172,331.78192138671875,259.19793701171875,34.998722076416016,124.63844488642482,55.361555113575186,22.999113082885742,266173872.65213123,55.25043487548828
1216,True,True,554.1165077142831,87.4120546875,110.78877258300781,134.94503784179688,163.0618133544922,-35.00006103515625,110.87563089577918,69.12436910422082,61.391685485839844,266175421.31723505,69.21122741699219
1217,True,True,554.548325101254,20.096056640625,120.31845474243164,123.0927505493164,176.74876403808594,-35.00879669189453,120.41442440206811,59.5855755979319,61.05876159667969,266175491.1868177,59.68154525756836
1218,True,False,560.6929109179913,11.761869140625,124.5821418762207,186.06666564941406,77.64299011230469,-34.993408203125,124.80776229659031,55.19223770340968,24.085498809814453,266176041.86969626,55.4178581237793
1219,True,True,563.1389373728105,18.640685546875,133.28454971313477,124.75257110595703,128.1270751953125,-34.984458923339844,133.56178129170107,46.43821870829893,49.460838317871094,266176224.16286013,46.715450286865234
1220,True,True,563.5499932775219,13.68966796875,124.40801620483398,201.6711883544922,13.593172073364258,-34.995819091796875,124.69392106298969,55.306078937010305,20.567466735839844,266176261.58572683,55.591983795166016
1221,True,True,566.32093391759,13.75417578125,155.55922508239746,202.73284912109375,175.92559814453125,-34.99970245361328,155.90359678805862,24.09640321194139,10.779725074768066,266176453.4230921,24.44077491760254
1222,True,True,566.6829278649348,14.17002734375,164.2548313140869,197.40647888183594,162.56118774414062,-34.999603271484375,164.60684109203703,15.393158907962963,19.30950927734375,266176484.81774607,15.745168685913086
1223,True,True,567.7002099910414,26.123240234375,141.59416961669922,121.03482055664062,90.40857696533203,-35.00605010986328,141.9676440475102,38.03235595248981,42.923736572265625,266176575.2366515,38.40583038330078
1224,True,True,567.7002099910414,72.375171875,148.37996673583984,210.7865447998047,212.5594940185547,-35.00605010986328,148.75344116665082,31.24655883334918,8.70882797241211,266176579.78983352,31.620033264160156
1225,True,True,568.0110605140923,29.984205078125,142.37315368652344,212.75347900390625,244.0091552734375,-35.00431823730469,142.75318706337077,37.24681293662922,10.649566650390625,266176620.625073,37.62684631347656
1226,True,True,568.5800154125554,11.7933408203125,162.32694625854492,231.43800354003906,169.8640594482422,-34.99959182739258,162.71898458374983,17.28101541625016,23.29372787475586,266176671.2087942,17.673053741455078
1227,True,True,568.8351921926384,18.136505859375,150.71337127685547,293.9156494140625,178.7830047607422,-34.99876022338867,151.11079383212012,28.889206167879863,48.559383392333984,266176704.43419656,29.28662872314453
1228,True,True,569.0686222901362,11.15077734375,157.88461112976074,0.2391478270292282,141.6684112548828,-34.99931335449219,158.2869590600826,21.713040939917384,56.8403434753418,266176734.1170432,22.115388870239258
1229,True,True,568.8965169498199,22.647828125,121.31243896484375,127.24649047851562,4.4482951164245605,-34.99685287475586,121.71115547248495,58.28884452751505,43.014373779296875,266177213.9477088,58.68756103515625
1230,True,True,567.5298821755798,10.271849609375,143.4980583190918,262.9464416503906,153.44224548339844,-34.99869918823242,143.86793883299651,36.13206116700347,48.038204193115234,266177347.20348638,36.5019416809082
1231,True,True,566.6576663468778,73.1411171875,152.8328037261963,241.41680908203125,147.52523803710938,-34.9990348815918,153.18428048611543,26.815719513884588,34.20094299316406,266177387.8338193,27.16719627380371
1232,True,True,563.3922193735298,35.1320625,94.09835052490234,203.13812255859375,228.77731323242188,-34.998634338378906,94.38092635368382,85.61907364631618,58.18240737915039,266177587.2997981,85.90164947509766
1233,True,True,553.0789072986573,13.487275390625,79.22842407226562,145.18572998046875,269.9052429199219,-35.000728607177734,79.2933890162673,100.7066109837327,66.71227264404297,266178028.4617355,100.77157592773438
1234,True,True,548.4826891269324,15.216189453125,77.69900512695312,152.95132446289062,251.0442352294922,-35.00391387939453,77.6669898675314,102.3330101324686,67.31786346435547,266178225.1037313,102.30099487304688
1235,True,True,546.737236331134,29.88344921875,90.81390380859375,140.21156311035156,261.6551818847656,-35.00379943847656,90.74505949518068,89.25494050481932,55.53999328613281,266178325.29503933,89.18609619140625
1236,True,True,544.2282004507733,17.070533203125,162.79182815551758,118.35581970214844,30.28696632385254,-35.00131607055664,162.6700431850289,17.329956814971105,23.171527862548828,266178463.4509772,17.208171844482422
1237,True,True,542.6306435032791,12.7272470703125,146.85382080078125,249.62197875976562,96.26426696777344,-35.00652313232422,146.69832737870044,33.30167262129956,48.9750862121582,266178584.3197551,33.14617919921875
1238,True,True,541.0083722134427,10.854962890625,93.72444915771484,148.77015686035156,194.3030548095703,-35.002044677734375,93.53472581141848,86.46527418858152,52.02864456176758,266179219.47216293,86.27555084228516
1239,True,True,547.8531449324076,18.98854296875,139.85957717895508,160.09727478027344,196.466064453125,-34.99609375,139.81427853702888,40.185721462971124,11.048783302307129,266179904.76267502,40.14042282104492
1240,True,True,548.6801991452542,17.80603515625,146.77405166625977,247.7469482421875,1.071716547012329,-34.99649429321289,146.74620386822463,33.253796131775374,36.885623931884766,266180001.14192173,33.225948333740234
1241,True,True,555.7079785559828,12.0424404296875,106.18160247802734,71.88458251953125,243.03392028808594,35.00228500366211,106.30204082555858,73.69795917444142,52.5268669128418,266181347.6497643,73.81839752197266
1242,True,False,556.9495960716947,12.780880859375,121.83495712280273,68.47254180908203,241.72364807128906,35.00349044799805,121.9815935999155,58.01840640008451,37.846797943115234,266181486.88466316,58.165042877197266
1243,True,False,561.490085670983,17.785134765625,124.75106048583984,301.037109375,83.81001281738281,35.008419036865234,124.99350129349759,55.00649870650241,58.247310638427734,266181841.18413126,55.248939514160156
1244,True,False,563.9829637926807,37.9514375,156.78943061828613,154.26805114746094,192.88467407226562,35.00583267211914,157.0844711543117,22.915528845688304,53.16456604003906,266182005.3191735,23.210569381713867
1245,True,False,564.3957675188694,10.8669853515625,168.17369651794434,44.32820129394531,186.5504913330078,35.00437927246094,168.4774472125925,11.52255278740752,24.56151580810547,266182046.68420735,11.826303482055664
1246,True,True,565.6057533537746,32.40691015625,161.6654815673828,68.67694091796875,215.1967315673828,34.99729919433594,161.99476296314745,18.00523703685254,26.362483978271484,266182129.2641145,18.334518432617188
1247,True,True,570.0648009071332,23.6533046875,146.8737449645996,1.1152422428131104,164.7058868408203,34.99666213989258,147.29711226374013,32.70288773625988,4.009559631347656,266182651.37681672,33.12625503540039
1248,True,True,570.1261476977262,12.57048046875,150.50225639343262,286.49432373046875,178.62545776367188,34.997718811035156,150.92691810985463,29.07308189014536,40.19741439819336,266182697.27602357,29.497743606567383
1249,True,True,570.1261476977262,121.143546875,151.17512321472168,265.05755615234375,187.98703002929688,34.997718811035156,151.5997849311437,28.400215068856298,48.34131622314453,266182697.69137952,28.82487678527832
1250,True,True,570.1095935362213,230.89759375,99.10883331298828,34.350189208984375,11.536933898925781,34.997615814208984,99.53314573660255,80.46685426339745,51.5472412109375,266182745.822968,80.89116668701172
1251,True,True,567.7007097600816,97.465984375,120.76736068725586,328.49285888671875,114.83094024658203,34.998802185058594,121.14084566319357,58.85915433680642,30.870868682861328,266183057.3999127,59.23263931274414
1252,True,False,567.7007097600816,10.2090087890625,98.70545959472656,346.0508728027344,78.26793670654297,34.998802185058594,99.07894457066429,80.92105542933571,46.89500427246094,266183063.0041292,81.29454040527344
1253,True,True,558.9342819907292,14.2066044921875,93.01168060302734,357.8340148925781,65.16138458251953,35.00184631347656,93.20019395303173,86.79980604696827,53.3486442565918,266183522.2621261,86.98831939697266
1254,True,True,549.9116447642526,21.407275390625,136.74303817749023,267.60015869140625,206.2830047607422,35.00425720214844,136.74117388201597,43.258826117984036,42.61881637573242,266183907.3530649,43.256961822509766
1255,True,True,541.106066996023,13.774767578125,89.80208587646484,307.41485595703125,160.66485595703125,34.99830627441406,89.61442389008093,90.38557610991907,59.59904479980469,266184496.59342632,90.19791412353516
1256,True,False,540.495266350582,65.426203125,149.97134971618652,352.91143798828125,14.931957244873047,34.994808197021484,149.7707998361838,30.229200163816195,10.501150131225586,266184628.73781717,30.028650283813477
1257,True,False,544.1486471118621,12.1465537109375,160.05568504333496,343.9840087890625,36.99531936645508,35.00444793701172,159.93222149739526,20.06777850260475,15.122444152832031,266185311.50100034,19.94431495666504
1258,True,True,547.0842278242247,12.897279296875,124.06428909301758,314.82879638671875,310.69537353515625,35.00008010864258,124.00276630010872,55.99723369989128,34.469722747802734,266185582.73117343,55.93571090698242
1259,True,True,547.9630210694045,21.38133203125,109.0087661743164,328.55609130859375,288.82525634765625,34.998207092285156,108.96578591888084,71.03421408111916,41.977073669433594,266185668.5298973,70.9912338256836
1260,True,False,551.327978782781,11.1540205078125,161.36988067626953,240.98739624023438,75.28852844238281,35.0009880065918,161.3979010285862,18.602098971413792,49.61130905151367,266186308.47932982,18.63011932373047
1261,True,True,551.7549515468253,18.998365234375,159.41302680969238,212.46435546875,92.46392059326172,35.00160217285156,159.4500562873304,20.549943712669602,55.1165657043457,266186465.77748996,20.586973190307617
1262,True,True,553.8054619710546,10.6594345703125,150.9371395111084,126.61138153076172,208.93748474121094,-35.01161193847656,151.01743475869765,28.98256524130235,39.17247009277344,266186878.40450028,29.0628604888916
1263,True,False,554.2600859255916,17.59344140625,109.30674743652344,265.1352844238281,358.1737060546875,-35.00836181640625,109.39663524955343,70.60336475044657,57.362117767333984,266186944.31875595,70.69325256347656
1264,True,True,558.2896729284286,33.42057421875,141.29996490478516,203.88723754882812,70.18264770507812,-34.99856185913086,141.474877003575,38.525122996425004,3.851588726043701,266187312.52443168,38.700035095214844
1265,True,True,559.4383833255179,18.575052734375,161.43046951293945,112.26554107666016,196.51840209960938,-34.99772262573242,161.62961940110787,18.37038059889212,39.85051727294922,266187419.6339688,18.569530487060547
1266,True,True,559.8350287681111,14.196455078125,129.43209838867188,188.24342346191406,85.47924041748047,-34.99673080444336,129.63961749567903,50.36038250432098,19.11664390563965,266187455.58435243,50.567901611328125
1267,True,False,568.1814783502879,39.487375,112.17591094970703,183.56033325195312,348.7799987792969,-35.000633239746094,112.5595401428981,67.4404598571019,33.91591262817383,266188078.62993082,67.82408905029297
1268,True,True,569.2766291134776,26.65842578125,168.85954093933105,259.5761413574219,158.0003204345703,-35.004981994628906,169.26627781362544,10.733722186374568,32.155799865722656,266188184.62426084,11.140459060668945
1269,True,False,562.4761274951962,14.778232421875,117.1805419921875,110.75222778320312,349.0696105957031,-34.99836730957031,117.44378828233614,62.55621171766386,48.72064971923828,266189096.3416775,62.8194580078125
1270,True,True,546.4592091565282,14.0291220703125,163.0138053894043,302.1564025878906,74.67743682861328,-35.00486373901367,162.93909470260704,17.060905297392956,50.03093338012695,266189814.95797223,16.986194610595703
1271,True,True,544.9240784839936,16.1506240234375,120.09670639038086,182.3939208984375,188.796142578125,-35.003726959228516,119.98960444639312,60.01039555360688,31.786300659179688,266189898.55743003,59.90329360961914
1272,True,True,541.8634632487149,10.879396484375,94.4115219116211,135.6259307861328,248.417724609375,-35.007225036621094,94.23984098616897,85.76015901383103,52.783843994140625,266190149.85874078,85.5884780883789
1273,True,True,540.7725656600558,11.629880859375,108.29027557373047,141.86892700195312,235.15721130371094,-35.00791931152344,108.09557670915764,71.90442329084236,38.04634094238281,266190296.64231318,71.70972442626953
1274,True,True,540.7928904772662,11.2141005859375,101.1192855834961,149.61131286621094,197.8879852294922,-35.00540542602539,100.92501557256641,79.07498442743359,44.519020080566406,266190649.0350904,78.8807144165039
1275,True,True,548.8364402525364,15.1803212890625,109.15254974365234,185.02687072753906,113.60225677490234,-34.996063232421875,109.12799863298086,70.87200136701914,36.03844451904297,266191528.1791113,70.84745025634766
1276,True,True,551.4034230594069,10.907501953125,88.99803924560547,155.5439910888672,142.86920166015625,-35.000125885009766,89.02765147215895,90.97234852784105,65.4814224243164,266192115.06337982,91.00196075439453
1277,True,False,552.4136806252533,22.23122265625,171.20322036743164,268.1429748535156,86.23712158203125,13.8218355178833,171.25414902862448,8.745850971375516,27.75537109375,266192408.12522113,8.79677963256836
1278,True,True,554.6597632864716,14.252552734375,89.0722885131836,42.85224533081055,277.94366455078125,35.007442474365234,89.17060951852814,90.82939048147186,57.739768981933594,266192720.49479407,90.9277114868164
1279,True,True,556.4631483246422,10.8653212890625,108.71580505371094,323.8619689941406,25.74168586730957,35.0051155090332,108.85217748336089,71.14782251663911,58.66919708251953,266192895.1090371,71.28419494628906
1280,True,True,563.6283632684208,27.295748046875,148.35198974609375,184.06027221679688,178.924560546875,35.00440979003906,148.63954821105744,31.36045178894257,65.77899932861328,266193446.50560483,31.64801025390625
1281,True,True,564.4775265239713,12.4257392578125,163.32452201843262,288.02044677734375,147.45179748535156,35.00047302246094,163.62999782808842,16.37000217191159,39.148380279541016,266193509.37068728,16.675477981567383
1282,True,True,565.7197290103688,24.70685546875,114.6556167602539,26.480670928955078,350.2023010253906,34.99998092651367,114.98730304237269,65.01269695762731,30.726512908935547,266193595.93917045,65.3443832397461
1283,True,True,566.1192234685061,14.9911650390625,154.63446426391602,48.555450439453125,230.54006958007812,35.00132369995117,154.9745798791015,25.025420120898506,17.495824813842773,266193632.52155176,25.365535736083984
1284,True,True,569.1424772075146,55.3812109375,164.4312391281128,349.67095947265625,192.32138061523438,34.999149322509766,164.83514539719135,15.16485460280865,21.499549865722656,266193903.64030394,15.568760871887207
1285,True,False,570.349350098845,14.483201171875,134.2089614868164,345.8264465332031,105.6383056640625,35.00171661376953,134.63833277390205,45.361667226097964,15.798429489135742,266194235.47251648,45.791038513183594
1286,True,True,569.6118549364833,11.9957099609375,141.0387306213379,310.0096740722656,161.60650634765625,34.997135162353516,141.4525407604977,38.54745923950231,29.551681518554688,266194369.03835413,38.96126937866211
1287,True,True,568.3975145963052,18.16591796875,125.84224319458008,336.2604675292969,107.58110809326172,34.99835968017578,126.23043075256211,53.76956924743788,23.34210968017578,266194508.10889596,54.15775680541992
1288,True,False,565.6245836987827,33.07460546875,122.74578094482422,256.2912292480469,185.03648376464844,35.00022506713867,123.07545966086853,56.92454033913147,66.3079833984375,266194661.4147156,57.25421905517578
1289,True,False,559.9220401565026,96.0947265625,123.34144592285156,2.7873692512512207,43.06822967529297,35.00226593017578,123.55080097015377,56.449199029846234,25.365480422973633,266194949.4617766,56.65855407714844
1290,True,True,541.3618559808963,13.7247587890625,124.40214157104492,328.7950134277344,139.6254425048828,34.998863220214844,124.21987673224183,55.780123267758164,21.055091857910156,266195931.7093647,55.59785842895508
1291,True,True,540.9411534210866,47.107796875,103.44048309326172,344.6794738769531,116.39159393310547,34.99842071533203,103.24934143044665,76.75065856955335,42.31522750854492,266195991.18561095,76.55951690673828
1292,True,True,541.6714079308147,56.0455625,150.47642135620117,348.4850769042969,43.36300277709961,35.000633239746094,150.30068806354137,29.69931193645864,6.533386707305908,266196533.50321624,29.523578643798828
1293,True,True,548.6573253906413,33.61295703125,129.7731170654297,359.6750793457031,257.34442138671875,34.99837112426758,129.74478663117222,50.25521336882778,15.238875389099121,266197268.03476655,50.22688293457031
1294,True,True,550.9746769214606,13.8123828125,90.21109771728516,28.18024253845215,256.5556945800781,34.99894332885742,90.23166340032797,89.76833659967203,55.75727462768555,266197772.56554106,89.78890228271484
1295,True,False,551.5114236883179,43.20019921875,124.03328704833984,294.9696960449219,25.186111450195312,34.99974060058594,124.06517808816335,55.93482191183665,59.392616271972656,266197946.274947,55.966712951660156
1296,True,True,570.5565103091209,99.5804765625,155.380464553833,36.90031051635742,107.3746566772461,-34.99858856201172,155.81420692135546,24.18579307864454,57.443885803222656,266199875.38653412,24.619535446166992
1297,True,True,568.5537963897558,17.26648828125,138.77584838867188,301.56488037109375,139.969482421875,-34.997459411621094,139.16733349249571,40.83266650750428,66.63719940185547,266200215.1568142,41.224151611328125
1298,True,True,566.2988727648375,10.4573515625,117.8701286315918,241.7019805908203,186.33355712890625,-34.99847412109375,118.21403484692988,61.78596515307013,56.226016998291016,266200370.49789888,62.1298713684082
1299,True,True,563.3863626513611,11.761595703125,119.87196350097656,210.15158081054688,204.40745544433594,-34.997135162353516,120.15441575292027,59.84558424707972,39.18304443359375,266200517.41608453,60.12803649902344
1300,True,False,562.0835342169837,10.6649912109375,83.58522033691406,189.0289306640625,243.98696899414062,-34.99726104736328,83.84018290889242,96.15981709110758,64.32588195800781,266200590.28304535,96.41477966308594
1301,True,True,558.6142802920988,17.83378125,127.69084930419922,172.40560913085938,239.98960876464844,-34.997318267822266,127.8726106183625,52.1273893816375,18.46593475341797,266200728.02418712,52.30915069580078
1302,True,True,548.3163719248804,38.08239453125,80.65633392333984,134.18978881835938,270.3918151855469,-34.99989700317383,80.62080937095482,99.37919062904518,66.79532623291016,266201192.04189038,99.34366607666016
1303,True,True,547.718660944482,40.0980390625,128.8900032043457,190.29644775390625,176.06382751464844,-34.99995422363281,128.84186695027427,51.15813304972573,28.249406814575195,266201220.74584305,51.1099967956543
1304,True,False,542.5326026755093,18.5165625,145.44622802734375,51.64055633544922,4.948072910308838,-35.00250244140625,145.288665943797,34.711334056203,52.885616302490234,266201557.99403125,34.55377197265625
1305,True,True,542.3623994198355,10.271765625,175.93740844726562,51.95329666137695,337.41558837890625,-35.003292083740234,175.77625507502415,4.223744924975847,36.61992645263672,266202348.91386446,4.062591552734375
1306,True,True,543.5277499003992,12.681005859375,119.06781768798828,171.29840087890625,143.11061096191406,-34.992923736572266,118.9312532108867,61.0687467891133,26.196008682250977,266202487.0762882,60.93218231201172
1307,True,True,545.74655883517,14.0122919921875,108.9312744140625,167.93145751953125,144.48062133789062,-34.99455261230469,108.84152680548459,71.15847319451541,36.26107406616211,266202673.67465892,71.0687255859375
1308,True,True,546.363078960632,12.06578125,119.00044250488281,246.64788818359375,38.862850189208984,-34.99648666381836,118.92370347095215,61.07629652904785,56.781131744384766,266202752.46654323,60.99955749511719
1309,True,True,547.7682461612737,10.0675498046875,109.28241729736328,178.87936401367188,124.18000793457031,-34.99604797363281,109.23532729136616,70.76467270863384,35.79172897338867,266202886.67336902,70.71758270263672
1310,True,True,568.083053060097,15.208755859375,149.43169021606445,248.57054138183594,206.99143981933594,35.00175476074219,149.8132426356325,30.1867573643675,51.40267562866211,266205992.72892708,30.568309783935547
1311,True,False,567.6459307249818,22.50214453125,138.10426330566406,309.0008544921875,161.87646484375,35.00127029418945,138.47659244396118,41.52340755603882,28.158594131469727,266206029.5335055,41.89573669433594
1312,True,True,564.4430729201765,11.971634765625,118.13609313964844,276.7177734375,168.00958251953125,35.00005340576172,118.44084197826416,61.55915802173584,56.93318557739258,266206225.73674873,61.86390686035156
1313,True,True,540.3860952267041,22.124583984375,161.74824142456055,118.96076202392578,339.4764404296875,34.996543884277344,161.545388033844,18.454611966155998,50.52027130126953,266207622.6729539,18.251758575439453
1314,True,False,540.4095321369373,11.1288994140625,120.87569808959961,5.816723823547363,107.01969909667969,34.999839782714844,120.67333921768898,59.326660782311016,31.378129959106445,266207740.08159086,59.12430191040039
1315,True,False,540.6685640252252,14.7125380859375,102.96698760986328,39.957061767578125,96.44608306884766,35.000328063964844,102.77009431079553,77.22990568920447,63.0087776184082,266207831.14064854,77.03301239013672
1316,True,True,541.3135330110283,51.2349296875,82.35689544677734,323.2096862792969,206.97946166992188,34.99991226196289,82.17361099331004,97.82638900668996,64.44772338867188,266207964.67963845,97.64310455322266
1317,True,False,541.5193832495286,21.132544921875,108.06349182128906,356.29364013671875,165.57305908203125,35.0001220703125,107.88455080785411,72.11544919214589,38.67957305908203,266207975.69251505,71.93650817871094
1318,True,True,541.5193832495286,90.236078125,124.2314567565918,280.3314208984375,278.993408203125,35.0001220703125,124.05251574315685,55.94748425684315,46.41159439086914,266207981.36195374,55.7685432434082
1319,True,True,542.2392784005309,74.79428125,125.87621307373047,298.66131591796875,276.7564697265625,35.00907516479492,125.71246184798167,54.28753815201833,35.828102111816406,266208068.1286042,54.12378692626953
1320,True,True,544.5927268175116,16.36037890625,163.22417640686035,324.0661926269531,26.12858772277832,35.00367736816406,163.11008294270985,16.889917057290155,20.993953704833984,266208325.30821884,16.77582359313965
1321,True,False,547.5284225507705,14.83976171875,121.7988510131836,278.4470520019531,348.7738342285156,34.99679946899414,121.74670072900486,58.25329927099515,58.907012939453125,266208629.03427196,58.201148986816406
1322,True,True,548.6561542952752,11.8603564453125,136.0766143798828,22.316898345947266,190.16744995117188,34.99872970581055,136.04825923551311,43.95174076448688,15.367605209350586,266208761.58073607,43.92338562011719
1323,True,True,549.1909235135498,10.12326953125,99.96585845947266,352.6146545410156,274.5309753417969,34.99993133544922,99.94878694560856,80.05121305439144,46.093082427978516,266208854.98195112,80.03414154052734
1324,True,True,551.981462925458,40.8418671875,124.76708602905273,83.14112854003906,218.80642700195312,-11.584553718566895,124.80889489677989,55.1911051032201,66.43888854980469,266209614.7106279,55.232913970947266
1325,True,True,553.8955773285377,25.817189453125,95.24711608886719,177.57171630859375,109.43167877197266,-35.002017974853516,95.32931277049933,84.67068722950067,54.429630279541016,266209866.8859654,84.75288391113281
1326,True,False,554.4495976106513,14.505556640625,132.3339080810547,145.19154357910156,169.7510528564453,-35.006351470947266,132.42779459063942,47.57220540936057,40.273040771484375,266209931.49267688,47.66609191894531
1327,True,True,556.76155266654,16.2261123046875,131.0316925048828,129.5023956298828,168.89451599121094,-34.99939727783203,131.1743612661468,48.8256387338532,50.142330169677734,266210137.54974416,48.96830749511719
1328,True,True,550.8478358060297,52.819140625,135.01884841918945,93.61621856689453,355.0393981933594,-34.997718811035156,135.03673775469667,44.96326224530332,40.306175231933594,266212550.3289027,44.98115158081055
1329,True,True,546.5991529322745,13.2978046875,86.60884094238281,135.63546752929688,266.5126953125,-34.999351501464844,86.53708306925381,93.46291693074619,60.52251052856445,266212739.95633084,93.39115905761719
1330,True,True,544.1433315007457,37.7038046875,163.8159694671631,62.376182556152344,30.218143463134766,-35.00263595581055,163.6923937618288,16.30760623817118,38.652381896972656,266212893.95364103,16.184030532836914
1331,True,False,550.3651705410678,16.1667294921875,95.43333435058594,149.5615997314453,154.2454833984375,-34.99811935424805,95.44103944900246,84.55896055099754,61.02446365356445,266214902.8667323,84.56666564941406
1332,True,True,553.7612152206174,22.446689453125,128.69707870483398,347.8680114746094,8.09113597869873,35.00312805175781,128.77644034598902,51.22355965401099,29.579092025756836,266215606.56760165,51.302921295166016
1333,True,True,557.3775332809345,12.630939453125,93.81634521484375,52.30237579345703,280.0623779296875,35.003814697265625,93.97201116707147,86.02798883292853,55.513919830322266,266215933.92934257,86.18365478515625
1334,True,True,553.5553446408276,38.1994765625,132.47107315063477,230.4131317138672,221.78175354003906,35.00092697143555,132.54609092255623,47.453909077443775,64.92932891845703,266218172.60691,47.528926849365234
1335,True,False,541.5329494950962,261.95571875,165.65604782104492,304.56390380859375,288.1749572753906,34.998043060302734,165.47739305539145,14.522606944608548,23.52227020263672,266218870.73438817,14.343952178955078
1336,True,True,541.5329494950962,12.322353515625,164.97912788391113,125.62255096435547,316.9153137207031,34.998043060302734,164.80047311825766,15.199526881742337,48.53002166748047,266218882.71309027,15.020872116088867
1337,True,True,540.5554613952457,12.006892578125,127.03494262695312,315.9642639160156,204.21180725097656,35.01243209838867,126.83566286239281,53.16433713760719,23.226089477539062,266219192.86584932,52.965057373046875
1338,True,True,541.3113231686491,15.11094140625,133.7060432434082,275.42181396484375,283.6070861816406,35.00035858154297,133.5227121622667,46.4772878377333,42.24082565307617,266219390.08147678,46.2939567565918
1339,True,False,546.2567627531097,16.43078515625,94.8764877319336,36.17589569091797,184.2124786376953,35.001277923583984,94.7975054260242,85.2024945739758,60.72356414794922,266219917.0396027,85.1235122680664
1340,True,False,547.3577010410252,12.016625,156.29042625427246,129.48838806152344,85.86527252197266,35.002952575683594,156.2346737462381,23.76532625376191,53.437225341796875,266220060.11698693,23.70957374572754
1341,True,True,550.5940580322022,12.8598828125,123.22550964355469,78.25293731689453,183.40042114257812,35.00031661987305,123.23804426803414,56.76195573196585,47.47697830200195,266220743.98329598,56.77449035644531
1342,True,False,552.00324678502,22.695390625,160.0378303527832,143.72633361816406,208.90284729003906,-16.847431182861328,160.08009885994713,19.919901140052875,19.73331069946289,266221095.33095592,19.962169647216797
1343,True,False,554.2910374384174,113.231875,143.5473518371582,124.53302001953125,195.6947479248047,-35.00845718383789,143.6378927271088,36.36210727289119,44.4650993347168,266221391.4174258,36.4526481628418
1344,True,False,556.2422272673319,11.047298828125,156.12924575805664,84.86172485351562,216.878173828125,-34.99893569946289,156.26095675339735,23.739043246602655,50.928138732910156,266221571.00265694,23.87075424194336
1345,True,True,558.9825743013082,43.8715234375,138.96790313720703,156.04791259765625,148.0736083984375,-34.99753189086914,139.15743545496463,40.842564545035366,30.130475997924805,266221791.55749974,41.03209686279297
1346,True,True,560.71117427987,18.32408984375,142.56655883789062,86.81159210205078,179.9310302734375,-34.99729537963867,142.7925646151959,37.20743538480412,60.62077713012695,266221916.425313,37.433441162109375
1347,True,True,565.6112154948544,28.36534765625,144.41791534423828,298.8258056640625,228.79443359375,-35.00172424316406,144.7473119911797,35.25268800882029,52.14667510986328,266222230.5569251,35.58208465576172
1348,True,True,544.4289737968384,19.664455078125,113.30004119873047,193.07968139648438,179.57640075683594,-34.999881744384766,113.18249254584376,66.81750745415624,42.68474578857422,266224354.88818613,66.69995880126953
1349,True,True,541.4966824673035,10.265857421875,140.01717376708984,92.43557739257812,331.1505126953125,-35.00997543334961,139.83775376714993,40.16224623285005,36.9455680847168,266224615.4121026,39.982826232910156
1350,True,True,541.9060779699427,12.2329150390625,143.25555038452148,138.4599609375,263.87640380859375,-35.006141662597656,143.0847686296873,36.915231370312725,14.034443855285645,266225209.37600246,36.744449615478516
1351,True,True,549.1245667996589,70.650140625,160.35113334655762,207.3284454345703,318.3267822265625,-34.99781036376953,160.33266170603042,19.667338293969582,18.068531036376953,266226044.39493248,19.648866653442383
1352,True,True,550.0441957416238,21.256591796875,137.6715965270996,167.1748504638672,179.3502960205078,-34.9981689453125,137.67252905724786,42.32747094275213,17.080785751342773,266226282.63239846,42.32840347290039
1353,True,True,550.1271469521688,18.61573046875,116.70695877075195,277.25927734375,2.022840976715088,-34.9995002746582,116.70964157144272,63.29035842855728,65.58776092529297,266226292.01713192,63.29304122924805
1354,True,True,550.2842207852327,25.438931640625,107.03042602539062,151.98617553710938,158.79937744140625,-34.999839782714844,107.03642308395904,72.96357691604096,49.654502868652344,266226356.5998775,72.96957397460938
1355,True,True,550.4403916829041,13.70089453125,86.1422348022461,185.19290161132812,111.29362487792969,-34.999855041503906,86.15152706675536,93.84847293324464,59.54142761230469,266226425.83656013,93.8577651977539
1356,True,True,553.2838143121911,12.4446982421875,86.6035385131836,23.7390193939209,294.88482666015625,35.02931594848633,86.67282699517082,93.32717300482918,58.33533477783203,266227036.8027817,93.3964614868164
1357,True,False,554.3720334457399,41.59919140625,146.50103759765625,262.078369140625,85.93111419677734,35.00859832763672,146.59328750336135,33.40671249663864,59.41603469848633,266227138.30828762,33.49896240234375
1358,True,False,554.6735510108044,10.1498125,100.71629333496094,345.953857421875,351.0248718261719,35.006385803222656,100.81490526128891,79.18509473871109,54.001678466796875,266227181.32225132,79.28370666503906
1359,True,True,557.1030487937501,16.3724931640625,89.44027709960938,62.712181091308594,269.293701171875,35.00335693359375,89.5901514291575,90.4098485708425,63.2773323059082,266227390.01217577,90.55972290039062
1360,True,True,561.3202338937781,25.562283203125,150.1687526702881,137.4362335205078,186.8190155029297,35.00153350830078,150.4076096054468,29.592390394553195,53.47380828857422,266227678.08889416,29.831247329711914
1361,True,True,561.3202338937781,12.6003837890625,146.60931396484375,155.8024139404297,179.93710327148438,35.00153350830078,146.84817090000246,33.151829099997535,61.86325454711914,266227678.7259578,33.39068603515625
1362,True,True,562.2218717094304,10.26869140625,151.04787826538086,88.30996704101562,210.18675231933594,35.00230026245117,151.30575975844985,28.69424024155016,33.64286804199219,266227742.09220544,28.95212173461914
1363,True,True,564.0324784656934,10.4215302734375,95.80105590820312,35.6327018737793,331.1778564453125,35.00150680541992,96.09714120382925,83.90285879617075,50.51653289794922,266227880.1836968,84.19894409179688
1364,True,False,566.6121206428862,14.1382041015625,149.2984848022461,314.108154296875,129.8052215576172,35.009761810302734,149.649000547811,30.350999452189008,33.67878723144531,266228047.00753146,30.701515197753906
1365,True,True,568.4744923418049,14.49590625,173.42175483703613,297.92584228515625,188.7511749267578,35.00593185424805,173.81156662544822,6.188433374551784,34.04890441894531,266228206.79466337,6.578245162963867
1366,True,True,569.0997121849637,12.17622265625,137.5893783569336,98.15507507324219,266.0937194824219,35.00554656982422,137.99238228403632,42.007617715963676,50.25016784667969,266228265.13299647,42.410621643066406
1367,True,True,569.3812187854421,10.743642578125,126.78598022460938,26.833810806274414,353.22784423828125,35.00476837158203,127.1949239409822,52.80507605901779,20.544464111328125,266228282.63259524,53.214019775390625
1368,True,True,540.7040291930548,20.59719921875,101.99762725830078,328.55731201171875,157.1273956298828,34.9974365234375,101.80148227427424,78.19851772572576,43.513816833496094,266230567.16308853,78.00237274169922
1369,True,True,540.6921919812769,37.305625,164.73183822631836,277.759765625,302.6316833496094,34.99610900878906,164.5354434771233,15.464556522876698,29.760242462158203,266230605.30550185,15.26816177368164
1370,True,True,552.5496061459886,10.1655263671875,97.96710205078125,194.39405822753906,93.29655456542969,-35.66096115112305,98.0208987404616,81.9791012595384,46.719879150390625,266232663.87853855,82.03289794921875
1371,True,False,552.5496061459886,11.7994765625,123.32613372802734,185.8334197998047,118.7501220703125,-35.66096115112305,123.3799304177077,56.620069582292295,24.38045310974121,266232688.16577286,56.673866271972656
1372,True,True,554.6474694144349,20.772337890625,106.69725799560547,199.93084716796875,78.753173828125,-34.99941635131836,106.79531960025004,73.20468039974996,38.583839416503906,266232909.5534913,73.30274200439453
1373,True,True,556.7229444952768,23.51338671875,162.5482349395752,342.8679504394531,256.6186828613281,-34.996788024902344,162.69008906842555,17.309910931574464,49.033531188964844,266233081.38671204,17.451765060424805
1374,True,True,557.9067968112774,11.3561611328125,134.93167877197266,146.64068603515625,155.26356506347656,-34.997318267822266,135.0985121846906,44.90148781530939,37.92927169799805,266233168.67818955,45.068321228027344
1375,True,True,560.9166031528966,279.16209375,148.61611557006836,141.97523498535156,159.21759033203125,-34.997169494628906,148.84645589659448,31.153544103405522,32.8601188659668,266233398.16401783,31.38388442993164
1376,True,True,563.1879660729549,11.0803134765625,158.4534397125244,143.01100158691406,160.30880737304688,-34.997276306152344,158.73170579666376,21.26829420333624,29.47978401184082,266233557.8754569,21.546560287475586
1377,True,False,568.8580948042193,21.87620703125,147.59942245483398,18.997472763061523,149.06600952148438,-35.000797271728516,147.997328255203,32.00267174479699,67.39423370361328,266233952.2052191,32.400577545166016
1378,True,True,570.4845840285695,15.26741015625,147.33578872680664,267.840087890625,165.20555114746094,-34.998233795166016,147.76801344980947,32.23198655019054,44.92830276489258,266234417.1004045,32.66421127319336
1379,True,True,541.6553792365436,11.864271484375,91.84894561767578,134.21951293945312,210.8739471435547,-35.00847625732422,91.67287411956686,88.32712588043314,57.50263214111328,266236606.1322465,88.15105438232422
1380,True,True,541.8526883711006,17.482908203125,128.68361282348633,86.63737487792969,279.5844421386719,-35.007789611816406,128.51170454811654,51.48829545188345,51.19291687011719,266236640.80311012,51.31638717651367
1381,True,False,548.710714655245,10.1274931640625,113.83567810058594,187.3123321533203,111.1231689453125,-34.996421813964844,113.80847417981161,66.19152582018839,31.347843170166016,266237444.90999934,66.16432189941406
1382,True,True,548.8676348754373,83.7278203125,165.55047988891602,45.74717712402344,283.2473449707031,-34.9967155456543,165.52658698478774,14.473413015212259,46.64509963989258,266237469.4852845,14.449520111083984
1383,True,True,550.7277118463796,13.0882138671875,110.47447204589844,178.08436584472656,126.2323226928711,-35.00046157836914,110.48982676585705,69.51017323414295,38.18324661254883,266238078.25636822,69.52552795410156
1384,True,True,559.5691702719462,15.7842216796875,142.82821655273438,140.91552734375,182.15420532226562,35.000396728515625,143.03012604547246,36.96987395452756,60.117095947265625,266239039.4081884,37.171783447265625
1385,True,True,560.4563964091494,15.0677197265625,144.159912109375,139.06820678710938,185.76544189453125,35.00038528442383,144.38054207360807,35.619457926391945,58.5375862121582,266239089.16104895,35.840087890625
1386,True,True,562.7304847444907,20.03743359375,144.12904357910156,137.17807006835938,199.8199920654297,35.00810623168945,144.39765680721032,35.60234319278968,58.55467987060547,266239257.468686,35.87095642089844
1387,True,True,565.8617142525505,18.326873046875,157.10017585754395,76.79013061523438,221.55015563964844,35.005619049072266,157.43485802827277,22.56514197172724,29.056846618652344,266239448.46513692,22.899824142456055
1388,True,True,566.2840912986949,14.950462890625,167.36047077178955,77.85639953613281,206.00772094726562,35.0046501159668,167.70406509819202,12.295934901807987,30.39996910095215,266239501.9505863,12.63952922821045
1389,True,True,566.6962455141872,17.298849609375,143.7653045654297,22.90918731689453,296.1211853027344,34.999393463134766,144.11759534577902,35.88240465422096,3.2001988887786865,266239523.15643516,36.23469543457031
1390,True,True,568.8732137823282,13.2442578125,145.80731964111328,23.86944580078125,280.8941345214844,34.9996337890625,146.2055444519204,33.7944555480796,5.8841400146484375,266239710.9284321,34.19268035888672
1391,True,True,569.1739803997554,36.10309765625,113.73875427246094,18.116361618041992,15.43310546875,35.000083923339844,114.14332525889577,65.85667474110423,31.439302444458008,266239716.92621773,66.26124572753906
1392,True,True,569.7055305304128,23.94948828125,95.4616470336914,20.498868942260742,17.62451934814453,35.0063362121582,95.87743372788312,84.12256627211688,50.008033752441406,266239780.28859437,84.5383529663086
1393,True,True,570.7081503818284,49.01209375,154.49783897399902,296.143798828125,183.07376098632812,34.998779296875,154.9347809470556,25.065219052944396,33.51007843017578,266240070.71470612,25.502161026000977
1394,True,True,570.6598476672527,36.043484375,147.51288986206055,268.8105163574219,184.51199340820312,34.9987907409668,147.9488126478396,32.05118735216042,48.02408981323242,266240094.94067988,32.48711013793945
1395,True,False,570.5764572974975,13.3936455078125,108.09528350830078,62.84182357788086,335.7452392578125,34.99876403808594,108.52944675727798,71.47055324272202,58.46828842163086,266240115.50345945,71.90471649169922
1396,True,True,569.8859269715015,16.820857421875,126.42189407348633,5.028512954711914,42.64044952392578,34.99984359741211,126.841487132585,53.15851286741499,19.084766387939453,266240234.29419115,53.57810592651367
1397,True,True,569.3280409590245,11.6651953125,131.2594337463379,299.3859558105469,155.34390258789062,35.001468658447266,131.66725541057332,48.33274458942669,39.61590576171875,266240289.5154353,48.74056625366211
1398,True,True,569.3280409590245,12.0807431640625,100.7266845703125,4.359292030334473,50.840858459472656,35.001468658447266,101.13450623454791,78.86549376545209,44.68631362915039,266240299.20593774,79.2733154296875
1399,True,False,547.030160596644,10.0836201171875,100.44316101074219,329.9659729003906,275.9368896484375,35.00249099731445,100.38049739933138,79.61950260066862,49.29759979248047,266242948.86398637,79.55683898925781
1400,True,True,548.1422156576871,13.4668623046875,148.44437217712402,264.23248291015625,23.2901554107666,34.99809265136719,148.4051729275012,31.59482707249878,48.406124114990234,266243079.0960151,31.555627822875977
1401,True,True,550.1196671651319,14.2770849609375,156.4709072113037,279.83258056640625,54.45994567871094,34.9987678527832,156.473432188488,23.526567811512006,43.346675872802734,266243623.59880534,23.52909278869629
1402,True,True,551.7267890841593,11.3407880859375,117.70631408691406,109.2796401977539,192.65567016601562,-15.531791687011719,117.74274933658982,62.257250663410176,65.83016204833984,266244053.59593207,62.29368591308594
1403,True,True,554.4654120035219,15.84249609375,118.75439834594727,162.73448181152344,137.20423889160156,-34.99915313720703,118.84861853922158,61.151381460778424,40.310855865478516,266244376.92420307,61.245601654052734
1404,True,True,556.5984995704409,21.56555859375,141.34917831420898,139.8496551513672,173.34872436523438,-34.99678421020508,141.4884066551453,38.51159334485471,38.13483428955078,266244553.16198394,38.650821685791016
1405,True,True,557.3892517210559,25.65026171875,151.72068786621094,149.65142822265625,181.87957763671875,-34.99598693847656,151.8766010775252,28.123398922474784,29.03981590270996,266244632.8367505,28.279312133789062
1406,True,True,558.6434734975358,13.2642275390625,109.60809326171875,209.24234008789062,44.43211364746094,-34.99573516845703,109.79047055251675,70.20952944748325,35.55128860473633,266244698.76781204,70.39190673828125
1407,True,True,560.860167602763,22.833302734375,139.4723243713379,78.43565368652344,182.16134643554688,-34.99530029296875,139.7014739077562,40.29852609224381,65.9911117553711,266244861.81945533,40.52767562866211
1408,True,True,564.5193872946686,15.959453125,87.89906311035156,222.35055541992188,347.6575622558594,-35.003501892089844,88.20542218226907,91.79457781773093,59.76890563964844,266245089.27504572,92.10093688964844
1409,True,True,564.9637240443811,27.598361328125,110.65422821044922,148.82041931152344,78.22703552246094,-35.000484466552734,110.96996278778566,69.03003721221434,51.42515182495117,266245121.35573274,69.34577178955078
1410,True,True,570.4394921414541,36.21772265625,162.81252670288086,256.6113586425781,161.80731201171875,-34.999755859375,163.24379998706553,16.756200012934457,32.500850677490234,266245654.4925053,17.18747329711914
1411,True,True,570.5531313231313,10.5812021484375,132.78898239135742,228.40243530273438,210.9589385986328,-34.9982795715332,133.2226534622755,46.777346537724505,32.02995681762695,266245846.4756665,47.21101760864258
1412,True,True,569.593515930705,19.047681640625,106.04024505615234,210.41522216796875,244.42318725585938,-34.99877166748047,106.45366824229022,73.54633175770978,46.31510925292969,266245995.56996736,73.95975494384766
1413,True,True,569.2965571217552,11.30052734375,135.52942657470703,212.52464294433594,206.44618225097656,-34.99874496459961,135.93658392997605,44.06341607002393,24.4218807220459,266246028.15752798,44.47057342529297
1414,True,True,562.1170636985482,17.6255703125,98.98209381103516,218.5221710205078,207.77371215820312,-34.99958419799805,99.23776385507452,80.76223614492548,62.273929595947266,266246457.66814756,81.01790618896484
1415,True,False,540.9215925906918,12.814763671875,128.87171936035156,136.571533203125,252.9058380126953,-35.00386428833008,128.68016496401515,51.31983503598484,21.160545349121094,266247802.0421981,51.12828063964844
1416,True,False,541.9940963593358,45.1969453125,81.62049102783203,160.35279846191406,177.6818084716797,-35.0051383972168,81.45156646101401,98.54843353898599,63.42985153198242,266248104.02689087,98.37950897216797
1417,True,True,543.4457359205652,14.3042890625,78.66382598876953,152.8332061767578,173.1904296875,-35.004573822021484,78.52553101669346,101.47446898330654,67.29652404785156,266248283.18273732,101.33617401123047
1418,True,True,544.5753271747385,19.14982421875,154.75327682495117,276.2803039550781,1.8801748752593994,-35.00355529785156,154.63881622833816,25.361183771661846,47.96621322631836,266248409.8852089,25.246723175048828
1419,True,True,550.2437600605127,11.4329169921875,135.15234756469727,151.272216796875,187.41119384765625,-34.99940872192383,135.15749090197409,44.842509098025914,30.53615379333496,266249423.35377187,44.847652435302734
1420,True,True,558.1185853075741,14.8755185546875,158.20581245422363,19.569164276123047,128.11585998535156,35.004302978515625,158.37711460421343,21.622885395786554,13.515695571899414,266250419.70244107,21.794187545776367
1421,True,False,561.6835427132363,10.0141513671875,133.52485275268555,26.96537971496582,320.1836853027344,35.00765609741211,133.77137550393485,46.228624496065166,11.683833122253418,266250648.34848782,46.47514724731445
1422,True,False,561.6835427132363,11.728720703125,127.36296844482422,44.192115783691406,286.4137268066406,35.00765609741211,127.6094911960735,52.390508803926494,22.681222915649414,266250651.40249136,52.63703155517578
1423,True,True,561.6835427132363,23.402490234375,150.52358436584473,150.89332580566406,181.87026977539062,35.00765609741211,150.77010711709403,29.229892882905986,57.36542892456055,266250651.64548847,29.476415634155273
1424,True,True,563.0769655689294,43.97880078125,105.8167953491211,51.902618408203125,298.48388671875,35.00651168823242,106.0927193226255,73.9072806773745,45.33171463012695,266250723.74402753,74.1832046508789
1425,True,True,565.338764086057,21.553693359375,174.03372287750244,7.225551128387451,174.05775451660156,35.00029373168945,174.35737079971824,5.642629200281755,29.231792449951172,266250895.87498334,5.966277122497559
1426,True,True,566.6184267095273,20.66529296875,104.12378692626953,47.373626708984375,322.7320556640625,35.000244140625,104.47443572984055,75.52556427015945,46.72492218017578,266250966.0687525,75.87621307373047
1427,True,False,569.4148474321877,11.525865234375,162.71025466918945,235.2949981689453,191.4004669189453,34.99982833862305,163.1199079500086,16.880092049991386,48.87295913696289,266251228.10756823,17.289745330810547
1428,True,False,569.677724727627,14.93678515625,95.97283172607422,37.69165802001953,356.0186767578125,34.99982833862305,96.38803171782715,83.61196828217285,53.36189651489258,266251255.95336142,84.02716827392578
1429,True,False,570.3016292444892,18.375884765625,154.18785667419434,22.26375961303711,247.32505798339844,34.998390197753906,154.61622105125306,25.383778948746944,11.370722770690918,266251349.2909437,25.812143325805664
1430,True,True,570.7410242372905,10.664962890625,169.0137128829956,232.27560424804688,213.63363647460938,35.003684997558594,169.45134849440242,10.548651505597565,43.12868881225586,266251478.50931135,10.986287117004395
1431,True,True,570.334299947996,10.0249697265625,112.14865112304688,1.667401909828186,52.63935470581055,34.998443603515625,112.57770485194959,67.42229514805041,32.87480545043945,266251625.8043814,67.85134887695312
1432,True,False,564.1558455095692,16.948345703125,168.68785095214844,160.98875427246094,256.8598327636719,35.0031852722168,168.98653929240035,11.013460707599652,46.21547317504883,266252087.7417476,11.312149047851562
1433,True,False,549.9556078508614,79.7322578125,169.50277996063232,329.64068603515625,275.53216552734375,35.001914978027344,169.5018432862855,10.4981567137145,24.543230056762695,266252721.67518443,10.497220039367676
1434,True,False,547.0578796202772,37.5276796875,101.99696350097656,312.99066162109375,134.77513122558594,35.001853942871094,101.93488476096441,78.06511523903559,46.38908767700195,266252866.48165113,78.00303649902344
1435,True,True,546.5345623256072,42.70344140625,96.28376770019531,316.5911865234375,128.8678436279297,35.001502990722656,96.21064696526562,83.78935303473438,50.93503952026367,266252885.01430285,83.71623229980469
1436,True,True,545.5485269297282,18.232931640625,127.06257629394531,81.80101776123047,342.86279296875,35.00103759765625,126.96865021216257,53.03134978783742,68.94957733154297,266252950.97527295,52.93742370605469
1437,True,True,545.5485269297282,18.53650390625,132.44702911376953,295.1177978515625,188.51284790039062,35.00103759765625,132.3531030319868,47.6468969680132,28.4373722076416,266252953.38410786,47.55297088623047
1438,True,True,541.3394341768795,16.277431640625,145.78720474243164,215.3407440185547,313.85693359375,35.0012321472168,145.6044668035638,34.395533196436205,60.14779281616211,266253690.99438027,34.21279525756836
1439,True,False,542.6632844174039,23.117681640625,117.62154769897461,296.06103515625,266.7554016113281,35.007835388183594,117.46674300018182,62.53325699981817,43.82498550415039,266253923.38457793,62.37845230102539
1440,True,True,542.9105204623788,13.738744140625,143.809814453125,293.0386047363281,306.1247863769531,35.00678634643555,143.6602264348812,36.339773565118804,29.072040557861328,266253936.55496493,36.190185546875
1441,True,True,549.3105116166115,30.75797265625,123.50786209106445,300.2349853515625,352.399169921875,34.999481201171875,123.49331388617495,56.50668611382505,50.81856918334961,266254789.44034278,56.49213790893555
1442,True,False,549.5861395373632,19.611791015625,122.89463424682617,62.92351150512695,180.41810607910156,34.99947738647461,122.88590179106453,57.11409820893547,42.39625930786133,266254872.91388693,57.10536575317383
1443,True,True,551.9761042872041,13.1844462890625,155.6647663116455,49.83299255371094,251.0586700439453,-26.26732635498047,155.7064621121055,24.293537887894487,51.883052825927734,266255560.75926045,24.335233688354492
1444,True,True,552.8836396939055,21.36096484375,90.09014129638672,230.09889221191406,46.85529708862305,-35.423011779785156,90.15098609392813,89.84901390607187,58.59169387817383,266255689.46158504,89.90985870361328
1445,True,True,558.4769328469004,25.571255859375,119.4215087890625,199.7025909423828,62.68706130981445,-34.99542236328125,119.6003720721321,60.399627927867904,25.894155502319336,266256156.9769658,60.5784912109375
1446,True,True,560.7111112304419,20.675533203125,130.18650436401367,167.3780975341797,111.69806671142578,-34.99413299560547,130.412508810976,49.587491189024,28.19445037841797,266256325.49511418,49.81349563598633
1447,True,True,564.8864887565362,16.2911240234375,145.03884506225586,275.1335144042969,246.83126831054688,-35.001068115234375,145.35294997501876,34.647050024981226,40.89781188964844,266256590.84404093,34.96115493774414
1448,True,True,567.0484498424302,14.3124189453125,163.50116539001465,265.7305603027344,200.39527893066406,-34.99862289428711,163.86088768168992,16.139112318310076,32.35105514526367,266256737.06532326,16.49883460998535
1449,True,False,567.832723802248,12.953720703125,163.40581703186035,44.187835693359375,155.48281860351562,-35.01145935058594,163.78208750408777,16.217912495912216,50.250762939453125,266256780.7133723,16.59418296813965
1450,True,True,569.4844813685941,11.8276044921875,127.5838851928711,214.2118682861328,275.9974060058594,-34.99790954589844,127.99500774974842,52.00499225025157,22.948213577270508,266256957.2011579,52.416114807128906
1451,True,True,569.8680228100754,18.1691796875,141.05328369140625,197.96044921875,211.28619384765625,-34.996665954589844,141.47249897269884,38.527501027301156,12.627002716064453,266257446.7397722,38.94671630859375
1452,True,True,568.5212365147275,62.72305078125,98.68576049804688,205.5460205078125,244.52442932128906,-34.99906921386719,99.07655858850762,80.92344141149238,52.64326477050781,266257583.53803554,81.31423950195312
1453,True,True,565.580670421104,14.5506650390625,108.84394073486328,212.38058471679688,217.9687957763672,-34.998409271240234,109.17269288074857,70.82730711925143,48.81833267211914,266257763.3074353,71.15605926513672
1454,True,True,550.1703916665401,27.0335390625,123.92150497436523,237.34136962890625,148.51255798339844,-35.000980377197266,123.92510023852924,56.07489976147077,57.98945236206055,266258435.96431404,56.078495025634766
1455,True,True,544.8072463582698,10.6300048828125,94.28351593017578,144.65663146972656,252.3551025390625,-35.00233459472656,94.17394882833527,85.82605117166473,51.286895751953125,266258738.65641293,85.71648406982422
1456,True,True,543.2701349561353,15.9286533203125,134.84128189086914,102.81173706054688,328.0633850097656,-35.009429931640625,134.6992817384436,45.300718261556405,33.81573486328125,266258858.75200433,45.15871810913086
1457,True,True,541.77428272873,123.4223203125,150.35584449768066,82.03239440917969,311.25787353515625,-34.99346160888672,150.18228186325686,29.81771813674313,40.09019470214844,266259532.02231598,29.644155502319336
1458,True,True,545.3029197361416,16.2688701171875,143.89372634887695,174.67083740234375,82.08151245117188,-34.99567413330078,143.79461795530955,36.20538204469046,2.376431465148926,266259938.276333,36.10627365112305
1459,True,True,548.7896004198977,31.309779296875,111.34257507324219,188.4371337890625,110.6141357421875,-35.000953674316406,111.31703564210203,68.68296435789797,33.77398681640625,266260436.99898836,68.65742492675781
1460,True,True,549.8377398768525,11.5306865234375,86.49176025390625,184.7056884765625,112.9345474243164,-34.99954605102539,86.48833656530783,93.51166343469217,59.19806671142578,266260780.01083323,93.50823974609375
1461,True,True,556.7571321618292,13.010765625,101.52234649658203,357.80731201171875,346.4831237792969,35.00286102294922,101.66492198519663,78.33507801480337,48.554039001464844,266261772.05714282,78.47765350341797
1462,True,True,557.1644987296345,63.44809765625,151.91906547546387,345.5564270019531,75.4334487915039,35.00286102294922,152.07023639865915,27.929763601340845,21.611679077148438,266261795.12163928,28.080934524536133
1463,True,True,562.09858203513,13.9992177734375,153.2245388031006,134.26512145996094,187.5946502685547,35.006813049316406,153.47981888404183,26.52018111595817,50.48779296875,266262129.22796887,26.775461196899414
1464,True,True,562.5723882808802,28.25657421875,135.01974487304688,65.1180419921875,249.2945556640625,35.00601577758789,135.28502226577345,44.71497773422655,28.61871910095215,266262155.9115733,44.980255126953125
1465,True,True,568.2657970570369,34.6286640625,129.51991271972656,37.60865020751953,320.6849060058594,34.99774932861328,129.90532103763005,50.09467896236996,21.34817886352539,266262544.7473296,50.48008728027344
1466,True,True,569.278844483973,32.18267578125,155.08707237243652,221.49264526367188,188.6106719970703,35.0087776184082,155.49385599104835,24.506144008951647,58.011051177978516,266262641.6880643,24.912927627563477
1467,True,True,570.091839768608,15.9960009765625,127.81538009643555,12.123483657836914,26.42998695373535,35.00404357910156,128.23931791555316,51.76068208444683,17.182334899902344,266262720.7644963,52.18461990356445
1468,True,True,570.091839768608,15.4674267578125,163.23292922973633,33.51569366455078,229.33135986328125,35.00404357910156,163.65686704885397,16.343132951146043,20.48693084716797,266262742.3333633,16.767070770263672
1469,True,True,570.6738463591718,10.1858486328125,149.2673568725586,274.7829284667969,185.83743286132812,35.00094223022461,149.7035750307371,30.296424969262883,43.5670280456543,266263082.71467242,30.732643127441406
1470,True,False,570.6738463591718,16.2502119140625,160.31304550170898,224.024658203125,217.33969116210938,35.00094223022461,160.7492636598875,19.250736340112493,50.76500701904297,266263107.50528562,19.686954498291016
1471,True,True,570.0440900903606,18.5773125,105.44668579101562,354.0540771484375,64.53504180908203,34.9986572265625,105.86961609192224,74.13038390807776,39.67535400390625,266263185.80117002,74.55331420898438
1472,True,True,567.3745697274497,17.216568359375,135.0054473876953,320.0841979980469,145.20651245117188,35.00202941894531,135.3720508089445,44.6279491910555,22.347610473632812,266263395.28067723,44.99455261230469
1473,True,True,566.8714446223357,22.55506640625,130.33929824829102,282.8990173339844,170.7340850830078,35.0025520324707,130.6952857298223,49.3047142701777,46.03595733642578,266263421.56041282,49.660701751708984
1474,True,True,564.0006495924258,17.38820703125,146.1204833984375,101.2745132446289,292.8714904785156,35.00141525268555,146.41589710483768,33.58410289516232,56.61837387084961,266263560.04703993,33.8795166015625
1475,True,False,562.7144253790223,10.2910078125,167.91402339935303,124.28048706054688,269.4699401855469,35.001487731933594,168.18229777485038,11.817702225149603,44.68553924560547,266263635.89825127,12.085976600646973
1476,True,True,555.0556965318842,10.2002861328125,154.09808731079102,81.89530181884766,305.6376953125,35.00639724731445,154.20476250761376,25.795237492386228,47.07978820800781,266263965.15376192,25.901912689208984
1477,True,True,542.7457775898181,84.326078125,145.02448272705078,49.64269256591797,357.937744140625,34.99953842163086,144.87141863419595,35.12858136580406,40.8772087097168,266264646.0334506,34.97551727294922
1478,True,True,541.0954977591421,17.375951171875,156.12316131591797,264.3558654785156,278.15118408203125,34.99325180053711,155.93527631863586,24.064723681364132,34.77265167236328,266264921.7561446,23.87683868408203
1479,True,True,541.0364802607738,16.2404072265625,133.35765838623047,333.916748046875,152.91497802734375,34.99320983886719,133.1685281197328,46.8314718802672,11.840319633483887,266264950.52615395,46.64234161376953
1480,True,False,543.0096336932357,11.2988525390625,136.76004791259766,78.10567474365234,77.09990692138672,35.00779342651367,136.61255118352494,43.38744881647507,54.819149017333984,266265437.60157508,43.239952087402344
1481,True,False,543.2625399896543,11.0612802734375,110.576904296875,282.38037109375,282.35723876953125,35.00508499145508,110.4347438906567,69.5652561093433,57.94573211669922,266265454.7016769,69.423095703125
1482,True,True,543.7892043762574,17.04675,152.6759910583496,157.386962890625,33.16041946411133,35.00446701049805,152.54494327068863,27.45505672931136,62.086341857910156,266265509.6640478,27.32400894165039
1483,True,False,545.7043335153355,44.334953125,145.2648696899414,99.42208862304688,89.443359375,35.00131607055664,145.17423112711498,34.825768872885014,54.69451904296875,266265719.32596442,34.735130310058594
1484,True,False,546.4730874076929,10.805623046875,148.4156436920166,284.6398620605469,0.18003065884113312,35.003021240234375,148.34122583631893,31.658774163681077,37.251976013183594,266265823.13301477,31.5843563079834
1485,True,False,547.1717131825909,139.3730625,109.08185577392578,316.7333068847656,297.31805419921875,34.996482849121094,109.02217892207845,70.97782107792155,47.4276008605957,266265898.91473064,70.91814422607422
1486,True,False,548.1291793448387,22.56246875,137.0782585144043,6.881524562835693,230.18861389160156,34.99851989746094,137.0387841985804,42.961215801419605,8.265934944152832,266266069.47871548,42.9217414855957
1487,True,True,548.4327417715289,10.651849609375,128.27496337890625,280.247314453125,1.8950185775756836,34.998714447021484,128.2418942302855,51.75810576971449,56.46261215209961,266266120.14282647,51.72503662109375
1488,True,True,550.5006160155597,12.783115234375,112.16361236572266,58.94856643676758,222.10186767578125,35.001102447509766,112.17417536365096,67.82582463634904,43.38155746459961,266266814.48533314,67.83638763427734
1489,True,True,555.0948710792618,16.1728271484375,176.08608722686768,111.6540298461914,239.0096893310547,-35.000587463378906,176.1935890066401,3.8064109933599,35.43680953979492,266267395.85790223,3.913912773132324
1490,True,False,555.4675895804544,15.8992998046875,170.8806495666504,295.99237060546875,261.0103454589844,-34.99885559082031,170.99601570679798,9.003984293202022,36.03480911254883,266267402.99431416,9.11935043334961
1491,True,True,555.4675895804544,12.51848828125,120.28196716308594,176.01011657714844,117.32334899902344,-34.99885559082031,120.39733330323352,59.60266669676648,32.53615951538086,266267418.1006958,59.71803283691406
1492,True,False,556.2455768632062,10.4021630859375,101.04957580566406,252.388671875,3.041663408279419,-34.99876022338867,101.18135747747772,78.81864252252228,57.143123626708984,266267476.34071922,78.95042419433594
1493,True,True,557.4914530804488,19.765021484375,133.02660751342773,111.88894653320312,175.91131591796875,-34.9971809387207,133.1846771734252,46.8153228265748,57.73509216308594,266267570.55365205,46.973392486572266
1494,True,True,558.3704647212716,16.0638212890625,173.54961490631104,350.046875,238.58082580566406,-34.99745559692383,173.72623171192987,6.273768288070135,40.40920639038086,266267610.6494178,6.450385093688965
1495,True,True,564.4628140987595,15.8698857421875,130.15261459350586,133.72752380371094,115.299560546875,-34.995521545410156,130.4577799709897,49.542220029010316,45.59980392456055,266268011.87443057,49.84738540649414
1496,True,True,565.3884866575092,11.411205078125,152.99009323120117,54.148033142089844,168.83782958984375,-34.99588394165039,153.31479029967463,26.685209700325384,58.98843765258789,266268084.42959875,27.009906768798828
1497,True,True,570.6083347580869,33.227109375,152.37108039855957,228.1319580078125,190.88223266601562,-34.99772644042969,152.8059162619552,27.194083738044796,21.290016174316406,266268529.8192026,27.62891960144043
1498,True,True,571.0928763004102,37.17501171875,151.57905960083008,340.21240234375,141.68634033203125,-34.998512268066406,152.02411929076874,27.975880709231266,61.76546859741211,266268644.1308293,28.420940399169922
1499,True,True,571.140429636217,11.1016171875,113.7717056274414,139.82826232910156,7.774625778198242,-34.99967575073242,114.21776869276559,65.78223130723441,44.85600280761719,266268711.4024487,66.2282943725586
1500,True,False,545.3292920001746,11.724884765625,135.03662109375,285.89801025390625,7.365235328674316,-34.99292755126953,134.9380691549537,45.06193084504631,65.30721282958984,266271436.59126228,44.96337890625
1501,True,False,546.5885083080223,13.6636064453125,119.717041015625,200.97238159179688,87.48973846435547,-34.99507522583008,119.64505854092427,60.35494145907573,30.8391170501709,266271577.2917868,60.282958984375
1502,True,True,548.2636194249097,11.029935546875,109.19285583496094,185.86380004882812,115.30062103271484,-34.99966812133789,109.15621820482653,70.84378179517347,35.887813568115234,266271845.003952,70.80714416503906
1503,True,True,548.6281520326042,11.3407265625,156.09465789794922,261.36334228515625,335.3827209472656,-34.99983215332031,156.06571190583716,23.93428809416283,35.67050552368164,266271935.20239758,23.90534210205078
1504,True,False,548.7322498006989,14.577228515625,130.14933395385742,80.53201293945312,239.1088409423828,-35.000205993652344,130.12258442465216,49.87741557534783,66.76493072509766,266271978.96957472,49.85066604614258
1505,True,False,550.0830753490969,15.48953515625,150.31037712097168,198.88519287109375,264.88330078125,-35.002071380615234,150.31213001083762,29.687869989162376,5.306495666503906,266272488.80041504,29.68962287902832
1506,True,False,554.365752542663,14.7464921875,125.59698867797852,101.90785217285156,196.47572326660156,35.0095329284668,125.6891060566287,54.3108939433713,54.07607650756836,266273063.4963231,54.403011322021484
1507,True,True,558.2884871018633,15.1423974609375,120.36030960083008,100.9168472290039,217.1244354248047,35.003570556640625,120.5351966786794,59.46480332132061,57.697669982910156,266273346.0426542,59.63969039916992
1508,True,False,561.010081612694,15.3898095703125,92.5677261352539,74.95052337646484,270.8067932128906,35.00605392456055,92.80003885728175,87.19996114271825,66.81488037109375,266273536.6549195,87.4322738647461
1509,True,False,565.7630922255282,10.0792841796875,136.14802932739258,276.5252685546875,122.92649841308594,35.004756927490234,136.48063057335122,43.51936942664878,59.8620491027832,266273816.79874176,43.85197067260742
1510,True,False,570.425876673565,29.54551171875,169.0093116760254,316.310302734375,192.49440002441406,34.99808883666992,169.44029767383762,10.55970232616239,29.72949981689453,266274212.16840193,10.99068832397461
1511,True,True,570.8316347575277,17.49596875,166.9048376083374,188.67181396484375,215.22471618652344,34.99741744995117,167.34438510172123,12.655614898278763,48.092472076416016,266274271.1102168,13.095162391662598
1512,True,True,571.2131050870748,20.20962109375,162.8848991394043,337.5333251953125,207.4405517578125,35.001991271972656,163.33249565674157,16.667504343258425,20.73837661743164,266274464.53443688,17.115100860595703
1513,True,False,570.9230770954498,15.2803837890625,127.05163192749023,329.465087890625,115.78929138183594,34.99834442138672,127.49310885420422,52.50689114579578,27.823318481445312,266274540.08778712,52.948368072509766
1514,True,False,562.3689479568621,11.4030712890625,166.98706722259521,149.3520050048828,263.2593078613281,35.00212860107422,167.248052024485,12.751947975514994,47.60316467285156,266275111.87805957,13.012932777404785
1515,True,True,553.2900320983184,11.5417041015625,113.75181579589844,32.91337966918945,17.82904052734375,35.002525329589844,113.82123547317296,66.17876452682704,51.08388137817383,266275517.766187,66.24818420410156
1516,True,True,543.5709716425337,13.3155830078125,122.0117301940918,63.835914611816406,6.96168327331543,35.00141525268555,121.87607769574926,58.12392230425074,63.92741394042969,266276046.27619794,57.9882698059082
1517,True,True,541.5302924300067,20.6292109375,115.20447540283203,8.702707290649414,79.40756225585938,34.99726867675781,115.02576457310518,64.97423542689482,38.485801696777344,266276290.14694202,64.79552459716797
1518,True,True,541.5302924300067,33.60566796875,148.00793647766113,51.04612731933594,5.991758823394775,34.99726867675781,147.82922564793427,32.17077435206573,39.53614044189453,266276292.4397095,31.992063522338867
1519,True,True,541.8612067765656,10.8638720703125,127.27841186523438,338.9978942871094,184.346435546875,34.99720001220703,127.1066833282199,52.89331667178009,17.84515953063965,266276727.59318736,52.721588134765625
1520,True,False,546.0047878165985,19.332416015625,109.9085693359375,46.24245834350586,163.3076934814453,34.99876403808594,109.82427035886774,70.17572964113226,52.02396011352539,266277257.32069042,70.0914306640625
1521,True,False,549.1213930742975,14.9924501953125,117.17180633544922,6.723714351654053,276.82623291015625,34.99953842163086,117.1532677293169,62.846732270683106,28.219877243041992,266277904.4134275,62.82819366455078
1522,True,True,552.0915278749831,10.3164609375,87.96005249023438,253.2493133544922,24.869033813476562,-34.6160888671875,88.00418372839651,91.99581627160349,69.04198455810547,266278576.25843194,92.03994750976562
1523,True,True,566.018815191243,11.6008251953125,166.96247100830078,56.89121627807617,174.1632843017578,-34.997928619384766,167.30046800883602,12.699531991163992,45.934688568115234,266279565.54383495,13.037528991699219
1524,True,True,568.9048256951857,46.32152734375,137.64205169677734,249.64324951171875,238.2378692626953,-34.999183654785156,138.04094351894577,41.95905648105424,34.35780334472656,266279779.3654635,42.357948303222656
1525,True,True,571.153046179214,11.8250478515625,126.22216033935547,215.7227783203125,256.1327209472656,-35.003692626953125,126.66848961373688,53.33151038626312,26.93512535095215,266280044.8464513,53.77783966064453
1526,True,False,571.153046179214,10.986646484375,175.72415733337402,153.98873901367188,128.62498474121094,-35.003692626953125,176.17048660775544,3.8295133922445608,31.55990219116211,266280055.40509966,4.275842666625977
1527,True,True,571.2752216307401,172.667140625,154.68880081176758,293.6271667480469,153.56858825683594,-34.99873352050781,155.1377079881762,24.862292011823804,49.40324020385742,266280216.08537424,25.311199188232422
1528,True,True,568.1944115701737,196.64846875,112.64237976074219,219.9696807861328,218.03244018554688,-34.997802734375,113.02628184487286,66.97371815512714,47.67816162109375,266280548.0332246,67.35762023925781
1529,True,True,567.7169011499727,15.667875,154.47166442871094,194.1954345703125,144.0438690185547,-34.99745559692383,154.84549104297537,25.15450895702464,14.909652709960938,266280597.20871097,25.528335571289062
1530,True,True,564.3261610941842,10.611666015625,151.67672729492188,211.3617706298828,151.47323608398438,-34.998016357421875,151.97900929400916,28.02099070599084,24.009658813476562,266280774.06109044,28.323272705078125
1531,True,True,560.3077635874797,11.1318720703125,132.57471084594727,263.692138671875,145.06594848632812,-34.99855422973633,132.79220465764308,47.20779534235691,61.78566360473633,266280939.60443053,47.425289154052734
1532,True,False,541.5140772321947,20.038810546875,125.72121810913086,149.42947387695312,234.62847900390625,-35.00833511352539,125.54216513873017,54.45783486126983,19.708715438842773,266282025.82354745,54.27878189086914
1533,True,True,543.1035779952066,10.7597841796875,150.97200965881348,181.98423767089844,29.749662399291992,-35.0006103515625,150.82649515451234,29.173504845487663,10.180448532104492,266282670.55419067,29.027990341186523
1534,True,True,546.6030595079994,39.7560703125,102.0469970703125,169.54031372070312,142.19029235839844,-34.99593734741211,101.97532162593129,78.02467837406871,43.44443130493164,266283063.5511201,77.9530029296875
1535,True,True,547.2034992781274,11.3188203125,106.03611755371094,185.9903106689453,116.69275665283203,-34.996177673339844,105.97711138847943,74.02288861152057,39.30820846557617,266283154.06263262,73.96388244628906
1536,True,True,548.1148033945963,13.0471650390625,132.46940994262695,230.50799560546875,30.600561141967773,-34.99589920043945,132.42963229425294,47.57036770574707,31.36241340637207,266283349.33721498,47.53059005737305
1537,True,True,549.5648176318359,11.4390693359375,161.5689296722412,211.68467712402344,287.82135009765625,-34.99985122680664,161.55974732427296,18.440252675727052,17.370830535888672,266283885.55167112,18.43107032775879
1538,True,False,550.3118070984693,375.42809375,150.2976303100586,329.1822204589844,297.6047668457031,-33.260398864746094,150.30420943983628,29.695790560163704,54.81890106201172,266284058.5679547,29.702369689941406
1539,True,False,550.3118070984693,12.9909228515625,127.52772903442383,114.62842559814453,197.541015625,-33.260398864746094,127.53430816420153,52.46569183579847,56.885807037353516,266284074.03856745,52.47227096557617
1540,True,True,550.8441789248546,17.4193828125,122.97702026367188,201.8940887451172,94.9244384765625,-8.140623092651367,122.99483243898631,57.00516756101369,52.498348236083984,266284150.43312642,57.022979736328125
1541,True,False,555.8602660736314,13.7996220703125,104.28031158447266,8.305484771728516,48.52406692504883,35.001625061035156,104.40396319862627,75.59603680137373,46.62925338745117,266286869.86975798,75.71968841552734
1542,True,True,555.8602660736314,18.78346875,162.65550422668457,51.61958694458008,300.62646484375,35.001625061035156,162.7791558408382,17.220844159161807,33.595699310302734,266286884.1853266,17.34449577331543
1543,True,True,553.7615697756557,82.5066328125,102.7076416015625,354.3385314941406,68.80611419677734,35.00163269042969,102.78701072382884,77.21298927617116,44.26091384887695,266286954.46066976,77.2923583984375
1544,True,True,551.0905906395359,12.88491015625,141.77441024780273,280.383056640625,205.29664611816406,35.00242233276367,141.79742171029693,38.202578289703055,32.529571533203125,266287094.44564074,38.225589752197266
1545,True,True,547.5058574659957,10.751982421875,99.2832260131836,345.0531921386719,89.95423889160156,35.004337310791016,99.23059960571611,80.76940039428389,46.459800720214844,266287251.8518029,80.7167739868164
1546,True,True,541.2938404746748,26.221498046875,101.19664001464844,312.9867858886719,201.73873901367188,35.00070571899414,101.01294004866408,78.98705995133592,48.67416763305664,266288098.38483652,78.80335998535156
1547,True,True,542.6607437034476,20.06951953125,154.8655071258545,341.2723083496094,7.126535415649414,35.00855255126953,154.71064881799722,25.289351182002765,10.026634216308594,266288351.4756659,25.134492874145508
1548,True,True,547.5878075858334,13.334626953125,130.06052017211914,332.54644775390625,314.0039367675781,34.996307373046875,130.00962291218022,49.99037708781977,25.19377326965332,266288994.07783672,49.93947982788086
1549,True,False,551.7014747818251,42.85738671875,134.97118377685547,108.15332794189453,203.28846740722656,-31.167043685913086,135.00708489475198,44.992915105248024,55.48546600341797,266290006.60887524,45.02881622314453
1550,True,True,554.5896505942826,20.7940234375,93.12444305419922,186.5795440673828,91.10723876953125,-35.00504684448242,93.22128468173858,86.77871531826142,54.1754264831543,266290299.86133134,86.87555694580078
1551,True,True,565.1675190633341,13.566185546875,97.43357849121094,207.6970672607422,228.00701904296875,-34.99750518798828,97.75361314344728,82.24638685655272,57.404518127441406,266292202.64673105,82.56642150878906
1552,True,True,553.6016938176477,13.9493193359375,159.6416244506836,221.28895568847656,109.70835876464844,35.00531005859375,159.71762019023595,20.282379809764038,54.903751373291016,266295960.23783934,20.358375549316406
1553,True,True,555.5392428134523,12.304548828125,89.75946044921875,48.882850646972656,275.1565856933594,35.00385284423828,89.87633847258259,90.12366152741741,58.38308334350586,266296089.76440835,90.24053955078125
1554,True,True,558.8959953270861,28.219078125,150.88074684143066,103.16019439697266,294.5769958496094,35.00032043457031,151.0684523428322,28.93154765716782,55.352725982666016,266298205.09629068,29.119253158569336
1555,True,True,558.1824698673332,18.97948828125,135.96240997314453,288.5391845703125,182.43031311035156,35.00078582763672,136.13506008734527,43.86493991265474,33.30708694458008,266298254.7112087,44.03759002685547
1556,True,True,543.0123292703419,25.75894140625,143.52264404296875,113.27921295166016,326.67303466796875,34.999332427978516,143.37520419057296,36.624795809427034,66.17013549804688,266299067.75536606,36.47735595703125
1557,True,True,542.7283490256295,12.391478515625,141.80271530151367,306.25006103515625,213.023681640625,34.99540328979492,141.64928346595445,38.350716534045546,17.18453025817871,266299082.81785938,38.19728469848633
1558,True,False,541.8856102748836,28.21534765625,163.6174201965332,332.4833068847656,347.5590515136719,35.000144958496094,163.44620657333326,16.553793426666754,18.944252014160156,266299653.1034525,16.382579803466797
1559,True,True,544.0035824137159,32.262951171875,89.46800231933594,24.446908950805664,168.78546142578125,35.00727462768555,89.34147790826535,90.65852209173465,62.80970001220703,266299950.02595207,90.53199768066406
1560,True,True,544.7411256892902,12.1638427734375,88.9909896850586,315.3249206542969,259.0527648925781,35.00505828857422,88.88002743710261,91.11997256289739,63.12328338623047,266300036.8699943,91.0090103149414
1561,True,True,545.2330310551571,17.520333984375,84.69252014160156,2.3249030113220215,212.42613220214844,34.99879455566406,84.59193709686538,95.40806290313462,60.844966888427734,266300096.91614205,95.30747985839844
1562,True,True,547.0837419936804,12.633,143.9341583251953,59.48163604736328,129.1365509033203,35.00260543823242,143.87262528126197,36.12737471873803,33.142356872558594,266300370.51785934,36.06584167480469
1563,True,True,548.5293102998116,10.996779296875,159.20022201538086,163.8450164794922,95.51594543457031,35.00010299682617,159.1691904627069,20.830809537293113,53.946964263916016,266300831.02093434,20.79977798461914
1564,True,True,548.5853269151005,23.50355859375,94.61698150634766,14.508757591247559,263.7236022949219,34.99978256225586,94.58713190425628,85.41286809574372,50.34348678588867,266300857.96244317,85.38301849365234
1565,True,True,548.9922469445049,39.45603515625,137.05107498168945,74.1915512084961,169.86668395996094,35.00017166137695,137.0298113922185,42.970188607781495,35.0067253112793,266301041.57976687,42.94892501831055
1566,True,True,552.0318837549955,114.2783828125,109.3911361694336,157.8382110595703,141.76356506347656,-35.97467803955078,109.434008916664,70.565991083336,49.630802154541016,266301546.25706255,70.6088638305664
1567,True,True,552.0318837549955,10.24175390625,139.67393493652344,125.35469818115234,195.93727111816406,-35.97467803955078,139.71680768375384,40.28319231624616,46.81721496582031,266301547.42429733,40.32606506347656
1568,True,True,553.3134502740238,28.63340234375,116.47467803955078,170.3502197265625,128.0039825439453,-35.005401611328125,116.54459184033269,63.455408159667314,38.34691619873047,266301675.49489418,63.52532196044922
1569,True,False,554.0622325587293,13.968314453125,173.1606011390686,329.712646484375,81.97676086425781,-34.9976921081543,173.24631424605778,6.753685753942208,41.826942443847656,266304158.30007517,6.8393988609313965
1570,True,True,552.7082391629021,15.4194716796875,83.57106018066406,155.93588256835938,258.6355285644531,-34.99760818481445,83.6282040270013,96.3717959729987,61.386085510253906,266304230.5528337,96.42893981933594
1571,True,True,552.0511950169802,23.654158203125,108.61614227294922,127.52055358886719,299.4906921386719,-34.999549865722656,108.6594224878075,71.3405775121925,42.406898498535156,266304256.21049213,71.38385772705078
1572,True,True,547.2944733656537,11.008416015625,113.11911010742188,120.29365539550781,299.64813232421875,-34.998939514160156,113.06202349543717,66.93797650456283,40.72382736206055,266304496.0818555,66.88088989257812
1573,True,True,541.413683083669,10.79240625,117.48263549804688,226.02227783203125,122.1504898071289,-35.008262634277344,117.30146421111229,62.69853578888771,56.07444381713867,266305071.78120375,62.517364501953125
1574,True,True,543.8398456827241,10.8252138671875,105.562255859375,203.74285888671875,108.31239318847656,-34.991607666015625,105.43227660328049,74.56772339671951,48.062461853027344,266305660.1619991,74.437744140625
1575,True,False,545.5350502929635,12.177365234375,108.54376220703125,224.59715270996094,72.76197052001953,-34.99821090698242,108.44955176821279,71.55044823178721,52.638694763183594,266305878.27930003,71.45623779296875
1576,True,False,547.1247712251268,10.6879873046875,121.9419059753418,151.9371795654297,178.48016357421875,-34.99773025512695,121.88123864819198,58.118761351808025,30.96319580078125,266306111.72411847,58.0580940246582
1577,True,True,549.3154733743169,59.3176015625,166.57783699035645,77.22186279296875,256.9264831542969,-34.99979782104492,166.56339347855453,13.43660652144547,43.49759292602539,266306847.03754148,13.422163009643555
1578,True,True,549.438368153106,15.46763671875,126.38489532470703,170.26063537597656,152.66876220703125,-34.99996566772461,126.37304489273757,53.62695510726243,27.766420364379883,266306876.66246513,53.61510467529297
1579,True,True,550.5037112188212,31.094154296875,136.6341667175293,116.26556396484375,190.5437774658203,-14.041401863098145,136.64479502424643,43.35520497575357,44.3944206237793,266307085.6487019,43.3658332824707
1580,True,False,555.5039139540188,24.33575,143.3548583984375,21.38228416442871,2.077113151550293,35.005191802978516,143.4709909828673,36.5290090171327,2.906665563583374,266307576.16281116,36.6451416015625
1581,True,True,559.6636886742119,11.4699970703125,136.25635147094727,99.30406188964844,207.62254333496094,35.00408935546875,136.46025530197312,43.539744698026865,46.127166748046875,266307837.17598873,43.743648529052734
1582,True,True,560.6629700999839,30.391853515625,151.90062141418457,57.767791748046875,199.67532348632812,35.00413513183594,152.12561008329422,27.87438991670577,19.006065368652344,266307909.1530758,28.09937858581543
1583,True,True,564.7122601101746,13.011208984375,159.97779083251953,109.0032958984375,199.39390563964844,35.00302505493164,160.28821952084422,19.711780479155784,39.436763763427734,266308158.03064045,20.02220916748047
1584,True,False,566.1652299110208,30.023357421875,157.81962966918945,69.95997619628906,214.10472106933594,35.003665924072266,158.16071602031198,21.83928397968801,26.632654190063477,266308222.86788657,22.180370330810547
1585,True,True,567.5286410429954,30.625244140625,91.49858856201172,21.512121200561523,356.3684387207031,35.00302505493164,91.86844288801892,88.13155711198108,53.59436798095703,266308314.4037274,88.50141143798828
1586,True,False,551.7731978102672,14.34590625,160.00497245788574,329.5780334472656,266.913818359375,35.000328063964844,160.0423869316824,19.95761306831762,15.262523651123047,266309985.2499956,19.995027542114258
1587,True,True,542.1768460926122,10.659166015625,87.91297149658203,309.1596374511719,158.51504516601562,34.99951171875,87.74790294913615,92.25209705086385,61.07510757446289,266310643.69620705,92.08702850341797
1588,True,False,541.5839737178876,31.14701953125,163.9475612640381,63.4061393737793,5.474597930908203,35.00135803222656,163.7699831094855,16.230016890514484,36.503536224365234,266310974.88622433,16.052438735961914
1589,True,True,549.4470197642709,12.9085302734375,154.7263355255127,213.614013671875,89.36802673339844,35.000545501708984,154.7146676425388,25.28533235746119,59.94643783569336,266312656.81413165,25.273664474487305
1590,True,True,553.6176582543578,12.5503623046875,106.4911880493164,233.22921752929688,30.931474685668945,-34.999820709228516,106.56752063848336,73.43247936151664,43.97026824951172,266313163.65606916,73.5088119506836
1591,True,True,561.2972264281758,10.3714970703125,160.24053192138672,117.24000549316406,185.20941162109375,-34.997169494628906,160.47890339902122,19.521096600978773,38.287689208984375,266313673.49683976,19.75946807861328
1592,True,True,561.2972264281758,61.77501171875,147.7859992980957,151.7408447265625,155.03028869628906,-34.997169494628906,148.0243707757302,31.975629224269788,27.863933563232422,266313675.62781903,32.2140007019043
1593,True,True,561.2972264281758,12.3257373046875,132.3821792602539,188.39036560058594,79.52617645263672,-34.997169494628906,132.6205507378884,47.379449262111585,15.77656078338623,266313690.77983758,47.617820739746094
1594,True,True,564.8430659995067,17.883783203125,158.90100479125977,73.0833740234375,175.80113220214844,-34.99868392944336,159.21419348384936,20.785806516150643,50.24679946899414,266313875.38248527,21.098995208740234
1595,True,False,567.6458971301361,19.61123828125,164.56775856018066,5.815906524658203,177.8070831298828,-35.002281188964844,164.94008698962654,15.059913010373466,50.290740966796875,266314073.722752,15.432241439819336
1596,True,True,568.8590741671907,13.994162109375,156.81068992614746,196.35902404785156,169.04852294921875,-35.00206756591797,157.2086163910752,22.791383608924814,11.894011497497559,266314146.53476462,23.18931007385254
1597,True,True,569.2273932763964,10.3538154296875,159.22455406188965,33.580562591552734,152.93572998046875,-35.001678466796875,159.6302520600216,20.36974793997839,54.98211669921875,266314183.40753698,20.77544593811035
1598,True,True,570.9211856764978,11.780861328125,158.9067211151123,64.5409927368164,118.46867370605469,-35.00157165527344,159.3481581328864,20.651841867113593,49.58542251586914,266314380.1173685,21.093278884887695
1599,True,True,541.6035593580636,20.765990234375,153.96944618225098,88.22429656982422,334.0497131347656,-35.00869369506836,153.79228128470612,26.20771871529388,34.99117660522461,266316688.99688798,26.030553817749023
1600,True,False,542.5967914826475,10.592462890625,177.6605565547943,32.974037170410156,353.4356689453125,-35.006103515625,177.50434885507818,2.4956511449218257,36.52703094482422,266316932.7804488,2.3394434452056885
1601,True,True,547.584469047705,13.5930712890625,119.72736358642578,223.4915313720703,55.788055419921875,-34.9968147277832,119.67639588333236,60.32360411666764,37.645652770996094,266317671.12107775,60.27263641357422
1602,True,True,548.4659849229013,43.31351171875,92.98604583740234,163.54347229003906,140.62258911132812,-34.99953079223633,92.95367811927557,87.04632188072443,57.862548828125,266318054.3409908,87.01395416259766
1603,True,True,548.5174412034248,17.93375,156.51862335205078,66.35204315185547,258.7241516113281,-34.99974822998047,156.48734136144304,23.512658638556957,52.59218215942383,266318090.7393012,23.48137664794922
1604,True,True,553.5798454858206,38.37816015625,135.3834228515625,89.13639831542969,192.67431640625,35.004493713378906,135.45895759131332,44.541042408686685,40.328277587890625,266318915.08509964,44.6165771484375
1605,True,False,557.8493828270066,26.165427734375,176.85752272605896,149.03695678710938,136.1105499267578,35.0030632019043,177.0231447037088,2.976855296291201,36.908424377441406,266319196.79031894,3.14247727394104
1606,True,True,560.8240917266454,10.1045546875,143.0625228881836,250.9326171875,116.26119995117188,35.0012092590332,143.2909112236158,36.709088776384185,65.02108764648438,266319392.2859766,36.937477111816406
1607,True,True,562.3612623570712,12.130791015625,123.03660202026367,60.80758285522461,265.19158935546875,34.99993133544922,123.29742465599787,56.70257534400213,34.675777435302734,266319470.8824024,56.96339797973633
1608,True,True,564.8957530588178,13.267427734375,81.71185302734375,357.391357421875,9.861273765563965,35.01061248779297,82.02615341688481,97.97384658311519,65.97872161865234,266319616.39872342,98.28814697265625
1609,True,False,567.2636747273318,15.7011689453125,141.19153594970703,2.750471830368042,73.55481719970703,35.00616455078125,141.55579948645374,38.44420051354627,9.069348335266113,266319789.86046022,38.80846405029297
1610,True,True,541.672379526842,12.284703125,97.80328369140625,283.5688171386719,221.33944702148438,34.996299743652344,97.62757089942262,82.37242910057738,64.42706298828125,266322430.82651865,82.19671630859375
1611,True,True,542.6552005109601,148.72878125,122.23445510864258,342.0899963378906,187.8560333251953,34.99931716918945,122.07947983942384,57.92052016057617,22.83208465576172,266322669.2566682,57.76554489135742
1612,True,True,545.5140571188831,132.6825,129.77942657470703,320.0443115234375,293.1630554199219,34.999481201171875,129.68477317991545,50.31522682008453,26.941858291625977,266323047.82964694,50.22057342529297
1613,True,True,547.6933171785067,11.844544921875,129.20751571655273,269.1792297363281,9.139101028442383,34.998023986816406,129.15884470901923,50.84115529098077,62.36224365234375,266323466.478621,50.792484283447266
1614,True,True,551.2481919811185,16.311396484375,113.77049255371094,175.8130340576172,122.97846984863281,-26.24781036376953,113.79682940451254,66.20317059548746,40.96200942993164,266324436.07908306,66.22950744628906
1615,True,True,552.1324004427614,12.813763671875,154.91793823242188,270.7698974609375,300.1122741699219,-36.2213134765625,154.96293188176415,25.037068118235858,33.43418884277344,266324507.64956403,25.082061767578125
1616,True,True,552.4576229028423,12.9290302734375,115.05955505371094,161.8998260498047,139.04531860351562,-35.43731689453125,115.1114108969609,64.8885891030391,43.55083465576172,266324549.56203094,64.94044494628906
1617,True,True,555.0978813250857,11.2288193359375,117.0019645690918,179.22561645507812,110.09295654296875,-34.99897003173828,117.10952986505112,62.89047013494889,33.98067855834961,266324749.9012535,62.9980354309082
1618,True,False,559.285926035677,12.2108427734375,131.99156188964844,88.81377410888672,181.76600646972656,-34.99549102783203,132.18749492900122,47.812505070998775,68.58035278320312,266325023.13954175,48.00843811035156
1619,True,True,567.2612657111342,15.133072265625,147.3542709350586,31.3377685546875,169.56765747070312,-35.00102615356445,147.71848364156352,32.28151635843648,67.057861328125,266325513.80560604,32.645729064941406
1620,True,False,568.1203595590639,14.4015322265625,130.38016510009766,120.14134979248047,97.8058090209961,-35.000789642333984,130.7625046867939,49.2374953132061,50.09142303466797,266325568.2337572,49.619834899902344
1621,True,True,571.3278369459097,61.629875,87.3048095703125,201.9293670654297,277.3499755859375,-35.001380920410156,87.7548269298712,92.2451730701288,60.330833435058594,266326115.42866415,92.6951904296875
1622,True,True,571.1917951804443,10.472181640625,161.1535873413086,224.27438354492188,154.15968322753906,-34.99873352050781,161.60073421961596,18.39926578038403,24.857315063476562,266326127.690104,18.846412658691406
1623,True,True,571.0200398951694,14.0611416015625,141.84679412841797,227.23397827148438,194.51617431640625,-34.996131896972656,142.29031697020605,37.70968302979396,28.653459548950195,266326176.6392145,38.15320587158203
1624,True,True,563.9532429576262,36.5126875,110.19747161865234,175.34307861328125,260.2580261230469,-35.000328063964844,110.49188504505825,69.50811495494175,35.6063346862793,266326663.0218281,69.80252838134766
1625,True,True,542.9598540950323,15.861810546875,156.7722988128662,157.18075561523438,340.4646301269531,-35.00939178466797,156.6237517342714,23.37624826572861,12.24014663696289,266328428.28631318,23.22770118713379
1626,True,True,543.1575364967033,10.5760322265625,168.52421283721924,336.80560302734375,353.0998840332031,-35.00925064086914,168.37983685729967,11.620163142700322,46.34239959716797,266328461.17073905,11.475787162780762
1627,True,True,544.0223216247475,17.233728515625,162.8491268157959,170.7607421875,340.6306457519531,-35.00502395629883,162.72299780207808,17.277002197921927,17.82612419128418,266328589.90061724,17.1508731842041
1628,True,True,545.16470179788,28.6535,101.53764343261719,158.54627990722656,165.3819122314453,-34.997074127197266,101.43561864055245,78.56438135944755,44.88901138305664,266328735.85773787,78.46235656738281
1629,True,True,545.8141161165639,11.539490234375,94.21493530273438,156.03672790527344,162.89727783203125,-34.99748992919922,94.12661315279388,85.87338684720612,53.16261672973633,266328829.0451053,85.78506469726562
1630,True,True,547.5242723826378,20.948673828125,93.83460235595703,163.57962036132812,145.7243194580078,-34.997013092041016,93.7823645032307,86.2176354967693,54.122901916503906,266329159.0107246,86.16539764404297
1631,True,True,547.6175548648002,33.15728515625,162.15134048461914,291.3013000488281,324.0546875,-34.99725341796875,162.10107089226642,17.898929107733576,42.929222106933594,266329166.54400176,17.84865951538086
1632,True,False,547.7018589713618,29.281673828125,101.7911376953125,121.12997436523438,192.5265655517578,-34.99762725830078,101.74264691960823,78.25735308039177,66.55915832519531,266329217.02810252,78.2088623046875
1633,True,False,547.9064033833325,11.103404296875,83.497314453125,175.4866943359375,127.76457977294922,-34.99720001220703,83.45313956451332,96.54686043548668,62.55316162109375,266329282.49070805,96.502685546875
1634,True,True,547.9064033833325,25.86166796875,135.5712547302246,130.96405029296875,212.71511840820312,-34.99720001220703,135.52707984161293,44.472920158387076,36.971378326416016,266329284.0648731,44.42874526977539
1635,True,True,548.3665796323335,17.970068359375,126.41761016845703,187.3583221435547,122.9305419921875,-34.99921798706055,126.38314499869927,53.616855001300735,19.75956153869629,266329609.65555498,53.58238983154297
1636,True,True,549.7877307560809,11.1765458984375,119.76403045654297,216.13258361816406,64.49166107177734,-32.193363189697266,119.75955157549627,60.240448424503725,30.572330474853516,266329977.81315732,60.23596954345703
1637,True,True,549.7877307560809,33.935453125,108.29634094238281,253.42237854003906,24.473459243774414,-32.193363189697266,108.29186206133612,71.70813793866388,55.15054702758789,266329986.88518935,71.70365905761719
1638,True,True,549.9825213078174,65.17033203125,108.5654296875,160.1901397705078,139.0127716064453,-25.98369789123535,108.56506088709494,71.43493911290506,57.452735900878906,266330018.4881489,71.4345703125
1639,True,False,554.2237061944438,35.77436328125,126.38870239257812,102.270263671875,194.97850036621094,35.01013946533203,126.47782259328089,53.52217740671911,53.681880950927734,266330437.14511755,53.611297607421875
1640,True,True,558.2658634266176,14.9543955078125,161.3315086364746,352.0196533203125,106.69903564453125,35.00018310546875,161.50591835477624,18.49408164522376,21.457233428955078,266330716.81085286,18.66849136352539
1641,True,True,560.2753617349613,39.14630078125,123.5306625366211,319.565673828125,53.71980667114258,35.007652282714844,123.74747266922878,56.25252733077122,48.45787811279297,266330825.43519756,56.469337463378906
1642,True,True,565.8681093881522,16.1983349609375,158.30853080749512,76.3995132446289,211.44384765625,35.00000762939453,158.64334791558514,21.356652084414872,29.13452911376953,266331151.82673782,21.691469192504883
1643,True,False,568.907521519869,16.1546298828125,118.09864044189453,322.4595642089844,87.47880554199219,34.9996452331543,118.49758914596376,61.502410854036235,45.50190734863281,266331359.35993403,61.90135955810547
1644,True,True,569.6136978992414,25.76503515625,147.0056610107422,24.375947952270508,267.9374694824219,34.99985885620117,147.41951003641617,32.580489963583815,7.180043697357178,266331436.05173323,32.99433898925781
1645,True,True,570.2238289965669,12.04763671875,151.37584114074707,294.0712585449219,154.27743530273438,34.99922180175781,151.80256393257463,28.197436067425368,38.690006256103516,266331471.46212605,28.62415885925293
1646,True,True,570.2238289965669,10.3483515625,118.71585845947266,30.481382369995117,346.7945251464844,34.99922180175781,119.14258125130021,60.85741874869978,29.759403228759766,266331473.33941504,61.284141540527344
1647,True,True,571.4831678283575,10.1928935546875,155.4291229248047,341.7215576171875,188.2230224609375,35.00177764892578,155.88241776598304,24.117582234016968,14.749175071716309,266331753.0948382,24.570877075195312
1648,True,True,570.7618584552303,13.191640625,149.54767608642578,294.51922607421875,179.41220092773438,35.00526428222656,149.98575129983115,30.01424870016886,33.3257942199707,266331921.17008612,30.45232391357422
1649,True,True,570.7618584552303,16.983236328125,143.1620635986328,295.2120666503906,169.6002960205078,35.00526428222656,143.60013881203815,36.39986118796183,35.38716125488281,266331938.7027899,36.83793640136719
1650,True,False,570.5142780888546,16.954306640625,167.25989627838135,303.8495788574219,215.57579040527344,35.002132415771484,167.69274754605618,12.307252453943821,28.973587036132812,266331954.50919518,12.740103721618652
1651,True,True,569.5647772908737,14.566169921875,140.12127304077148,286.7773132324219,173.97813415527344,35.00244140625,140.53408984160893,39.46591015839108,39.62626647949219,266332054.29392716,39.878726959228516
1652,True,False,546.3351375984928,272.39696875,128.52962112426758,19.225542068481445,28.39413070678711,34.999046325683594,128.45229252759577,51.54770747240423,34.02251434326172,266333221.85887793,51.47037887573242
1653,True,True,543.1293080703384,22.147240234375,158.0971622467041,72.78765869140625,335.80389404296875,34.99625015258789,157.95219064698824,22.047809353011758,42.96797180175781,266333501.06577012,21.9028377532959
1654,True,True,542.0616108069578,34.39720703125,117.34475326538086,332.7264709472656,142.95672607421875,34.9952392578125,117.17725325340767,62.82274674659233,27.853588104248047,266333682.90491536,62.65524673461914
1655,True,True,541.8411051620265,10.3630947265625,122.7340202331543,331.21441650390625,167.5627899169922,34.99694061279297,122.56186755207305,57.43813244792695,22.93120002746582,266333853.77666792,57.2659797668457
1656,True,True,541.9402077921254,11.805,116.78286743164062,349.5861511230469,137.59762573242188,35.00072479248047,116.61280581605448,63.38719418394553,29.22334098815918,266333902.64225054,63.217132568359375
1657,True,True,545.2153598790544,14.9320576171875,116.53818893432617,324.75982666015625,263.54925537109375,35.00651931762695,116.43723302777423,63.56276697222578,34.71275329589844,266334451.998558,63.46181106567383
1658,True,False,547.8784774646697,12.733216796875,166.29631519317627,32.86009979248047,85.81632995605469,34.99862289428711,166.2515510676808,13.7484489323192,23.275012969970703,266334979.45204425,13.70368480682373
1659,True,False,548.3552895485866,15.55230859375,176.62314987182617,4.673644065856934,83.59297943115234,34.99907302856445,176.58844648130136,3.4115535186986508,31.74475860595703,266335321.1311137,3.376850128173828
1660,True,True,552.2757356294718,139.066671875,113.11337280273438,201.8055877685547,80.30577850341797,-35.88663864135742,113.16139082451623,66.83860917548377,31.7266902923584,266336021.792205,66.88662719726562
1661,True,True,553.7132781441053,10.802859375,121.59237289428711,155.2964630126953,146.1351776123047,-35.0017204284668,121.67072306312772,58.32927693687227,42.24585723876953,266336143.1803948,58.40762710571289
1662,True,True,554.5080872393107,14.06998046875,121.44752883911133,179.29737854003906,115.60494995117188,-35.00045394897461,121.54264947986078,58.457350520139215,30.067407608032227,266336187.5514476,58.55247116088867
1663,True,False,558.147234196842,18.774126953125,133.7384910583496,102.68382263183594,179.55459594726562,-34.9949951171875,133.91039769990297,46.08960230009703,61.32355880737305,266336416.7269618,46.26150894165039
1664,True,True,558.147234196842,10.495173828125,136.45652389526367,159.7806396484375,144.25091552734375,-34.9949951171875,136.62843053681704,43.371569463182965,29.105831146240234,266336428.47590426,43.54347610473633
1665,True,True,558.147234196842,11.1093955078125,89.38302612304688,224.05902099609375,28.988637924194336,-34.9949951171875,89.55493276460024,90.44506723539976,57.87671661376953,266336432.9563624,90.61697387695312
1666,True,False,558.6415962347511,13.1468291015625,153.87574005126953,166.53439331054688,180.32809448242188,-34.99624252319336,154.05807773182278,25.94192226817722,20.776948928833008,266336464.26911575,26.12425994873047
1667,True,True,561.7109134626215,13.059630859375,134.13928604125977,260.4633483886719,297.87139892578125,-34.99641036987305,134.3863863153211,45.61361368467892,37.92182922363281,266336637.03727818,45.860713958740234
1668,True,True,563.2725486682117,11.021041015625,138.85869598388672,140.06533813476562,133.6537628173828,-34.9972038269043,139.13874676078598,40.861253239214015,36.9422721862793,266336730.54375455,41.14130401611328
1669,True,True,568.066793320389,10.19056640625,155.36747932434082,45.538726806640625,159.09378051757812,-35.00106430053711,155.74868866340103,24.25131133659897,57.5089111328125,266337025.79068357,24.63252067565918
1670,True,True,570.4741602424126,11.1141484375,128.33727645874023,210.8761749267578,282.542724609375,-35.0025749206543,128.76928123985513,51.23071876014486,21.63556671142578,266337229.7794944,51.662723541259766
1671,True,False,571.4686402416226,39.8460859375,155.74672508239746,308.92034912109375,160.4148406982422,-35.00090789794922,156.1997133914957,23.800286608504305,52.0526123046875,266337412.42717114,24.25327491760254
1672,True,True,571.4686402416226,14.4876025390625,106.00125122070312,180.45030212402344,321.1219482421875,-35.00090789794922,106.45423952980136,73.54576047019864,39.08541488647461,266337418.65729848,73.99874877929688
1673,True,True,570.8513586887829,37.35819140625,94.48225402832031,164.34507751464844,316.4079895019531,-34.9979133605957,94.92221769665363,85.07778230334637,51.64035415649414,266337650.7591503,85.51774597167969
1674,True,True,570.8513586887829,236.719578125,122.56213760375977,221.25900268554688,226.26022338867188,-34.9979133605957,123.00210127209309,56.997898727906914,37.75763702392578,266337664.29248548,57.437862396240234
1675,True,True,562.0917283114966,21.039498046875,94.45677185058594,201.42529296875,228.91290283203125,-34.99967575073242,94.71190731795852,85.28809268204148,59.07976531982422,266338200.26522517,85.54322814941406
1676,True,False,547.8670236901891,16.55582421875,151.44585609436035,156.3511199951172,77.20597839355469,-35.00214767456055,151.40085029422335,28.59914970577666,6.551883220672607,266338868.90732163,28.55414390563965
1677,True,True,544.7646672579818,18.01869140625,130.26520919799805,184.5972442626953,173.39498901367188,-35.00313949584961,130.15474367714145,49.84525632285854,24.830493927001953,266339082.47908622,49.73479080200195
1678,True,False,542.1251884656892,12.4354951171875,85.57521057128906,138.5319366455078,240.84580993652344,-35.0032958984375,85.40905204791511,94.59094795208489,61.189212799072266,266339392.05891475,94.42478942871094
1679,True,True,543.0422317810716,73.3585546875,125.03189468383789,62.54336166381836,296.31170654296875,-34.99558639526367,124.8850857744185,55.1149142255815,67.98368835449219,266339879.7291569,54.96810531616211
1680,True,True,543.6470715272712,10.5408505859375,156.86054611206055,221.05154418945312,31.011693954467773,-34.99683380126953,156.72649932128598,23.27350067871403,27.91561508178711,266339963.828252,23.139453887939453
1681,True,True,545.2064409003558,17.893591796875,126.21882629394531,263.0628967285156,33.82522201538086,-34.99763870239258,126.11768219694282,53.88231780305718,61.36656188964844,266340191.280671,53.78117370605469
1682,True,True,546.9134291920237,16.905044921875,147.40973663330078,145.52919006347656,240.1893310546875,-34.998043060302734,147.3446099892525,32.65539001074752,19.077909469604492,266340444.47622493,32.59026336669922
1683,True,True,548.1500999987652,18.49530859375,131.7213249206543,298.51226806640625,338.6180419921875,-34.99886703491211,131.68229203062825,48.31770796937176,64.12007904052734,266340929.70010948,48.2786750793457
1684,True,True,548.3122662818018,36.10732421875,115.52540588378906,181.76287841796875,126.78816223144531,-34.999874114990234,115.48979470233508,64.51020529766492,31.4205265045166,266341041.7748181,64.47459411621094
1685,True,True,549.0410101466811,13.7854892578125,104.33802032470703,215.062255859375,71.08401489257812,-35.000465393066406,104.31778563880201,75.68221436119799,42.07152557373047,266341312.49098945,75.66197967529297
1686,True,True,549.0410101466811,14.93936328125,92.72775268554688,213.37350463867188,76.00592803955078,-35.000465393066406,92.70751799964185,87.29248200035815,53.21216583251953,266341315.189722,87.27224731445312
1687,True,True,549.0410101466811,14.871185546875,153.24916648864746,355.4719543457031,283.6138610839844,-35.000465393066406,153.22893180274244,26.77106819725757,59.960994720458984,266341331.6195498,26.75083351135254
1688,True,False,549.3227574640675,264.18896875,117.56702423095703,199.25523376464844,94.74140930175781,-35.00094223022461,117.55273441344886,62.44726558655115,27.568679809570312,266341365.6037068,62.43297576904297
1689,True,True,553.642861441376,15.6169306640625,119.9569091796875,109.54862213134766,192.14739990234375,35.00393295288086,120.03377355610053,59.966226443899465,62.53284454345703,266341861.54235154,60.0430908203125
1690,True,True,555.28835241652,10.3710302734375,136.11114120483398,317.752197265625,49.72353744506836,35.00346755981445,136.22272544082256,43.77727455917744,42.178768157958984,266341990.9661316,43.888858795166016
1691,True,True,567.2325657685756,12.7819970703125,157.5988655090332,14.727006912231445,174.92889404296875,34.99834060668945,157.96247264675014,22.037527353249853,12.671550750732422,266342694.95531145,22.401134490966797
1692,True,True,571.2216615390173,101.6803125,169.50371837615967,282.87872314453125,193.5451202392578,34.996238708496094,169.95149543463293,10.048504565367066,35.45380783081055,266343048.48363036,10.496281623840332
1693,True,True,569.8194890743259,16.9860234375,100.39481353759766,333.02935791015625,90.12491607666016,35.000083923339844,100.81300475706594,79.18699524293406,47.716739654541016,266343502.2624858,79.60518646240234
1694,True,True,566.0566190533689,64.8164375,133.63622665405273,269.519287109375,183.57215881347656,35.00089645385742,133.97502131607882,46.024978683921184,49.26192855834961,266343758.36764604,46.363773345947266
1695,True,False,563.6138947296291,14.1424091796875,115.17044830322266,35.04269027709961,5.327675819396973,35.00181198120117,115.45770148201782,64.54229851798218,47.219844818115234,266343873.0487999,64.82955169677734
1696,True,True,558.8925486342312,15.932552734375,103.55306243896484,0.028855808079242706,56.948081970214844,35.00311279296875,103.74069521514713,76.25930478485287,44.22270965576172,266344083.0401858,76.44693756103516
1697,True,False,550.2664167602177,15.7700615234375,147.43802642822266,154.0339813232422,279.5068054199219,35.00303649902344,147.44364782186324,32.55635217813675,67.49989318847656,266344457.09873772,32.561973571777344
1698,True,True,542.3163806842549,14.5756357421875,146.28203964233398,64.31098175048828,2.3091793060302734,34.994415283203125,146.11991527477176,33.88008472522824,46.218902587890625,266345104.1822281,33.717960357666016
1699,True,False,542.0640054599955,10.506583984375,105.37122344970703,34.62761688232422,91.56369018554688,34.99433135986328,105.20377396491294,74.79622603508706,57.39178466796875,266345407.8312946,74.62877655029297
1700,True,False,544.8755424755287,12.09908984375,114.73465728759766,279.4984436035156,304.45263671875,35.00221252441406,114.62653123383132,65.37346876616868,59.707305908203125,266345887.51516783,65.26534271240234
1701,True,True,545.5105759065194,12.0392822265625,135.5916976928711,328.1390380859375,292.4957275390625,34.99736404418945,135.49697084449866,44.503029155501345,18.835918426513672,266345976.35599488,44.408302307128906
1702,True,False,547.0293311495907,11.8195224609375,162.15304565429688,89.40503692626953,89.49143981933594,34.99486541748047,162.09036454155324,17.90963545844676,38.11360168457031,266346236.30716023,17.846954345703125
1703,True,False,547.2584829411917,88.98678125,117.44250106811523,5.950736045837402,237.9387969970703,34.99772644042969,117.38465505817439,62.61534494182562,27.598844528198242,266346290.94688582,62.557498931884766
1704,True,True,547.5940081452593,29.1321328125,92.1364974975586,34.821533203125,216.11123657226562,34.99860763549805,92.08573106942356,87.91426893057644,57.3876838684082,266346421.72989315,87.8635025024414
1705,True,False,548.4402018275198,13.18609765625,155.83205223083496,78.25932312011719,134.8782501220703,34.99940872192383,155.79914048939563,24.20085951060437,29.651586532592773,266346936.4176176,24.16794776916504
1706,True,True,548.5290058874764,86.99378125,102.43024444580078,19.954490661621094,270.1957092285156,35.000003814697266,102.39920647002653,77.60079352997347,42.52602767944336,266346950.9239218,77.56975555419922
1707,True,True,548.8670114229645,35.44618359375,130.89501571655273,315.95721435546875,13.620244979858398,35.00021743774414,130.87110965757728,49.128890342422714,44.238895416259766,266347046.7648343,49.104984283447266
1708,True,True,550.8583076053959,14.4496767578125,116.17176818847656,271.43646240234375,13.795631408691406,-14.128758430480957,116.18987847895042,63.81012152104958,58.83885955810547,266347333.7506404,63.82823181152344
1709,True,True,551.7541661639998,13.6224287109375,111.44808959960938,173.1349334716797,125.04454803466797,-34.65618896484375,111.48510250566977,68.51489749433023,40.675479888916016,266347441.01357487,68.55191040039062
1710,True,True,552.4243032659367,57.2973203125,106.34504699707031,167.14527893066406,126.87806701660156,-35.63351058959961,106.39619979598157,73.60380020401843,48.182960510253906,266347486.19952723,73.65495300292969
1711,True,True,553.1487257450883,13.8143076171875,85.81753540039062,245.85792541503906,27.010438919067383,-35.015167236328125,85.88397351361199,94.11602648638801,67.85665893554688,266347557.79749966,94.18246459960938
1712,True,True,557.0447254845338,13.95630078125,92.99742889404297,204.00050354003906,59.113826751708984,-34.996944427490234,93.14607260176663,86.85392739823337,52.03898620605469,266347814.46973428,87.00257110595703
1713,True,True,557.0447254845338,28.742779296875,146.82332229614258,276.7433166503906,294.0323791503906,-34.996944427490234,146.97196600386624,33.02803399613376,38.32344055175781,266347823.2911949,33.17667770385742
1714,True,False,559.0368245536476,13.7223564453125,130.46555709838867,141.7138671875,144.75022888183594,-34.995540618896484,130.65623409647066,49.34376590352936,42.73268127441406,266347963.22328487,49.53444290161133
1715,True,True,561.6508212954992,24.96092578125,129.5639305114746,253.59652709960938,310.2784729003906,-34.9932746887207,129.80976284080964,50.19023715919036,36.91157913208008,266348093.6662726,50.43606948852539
1716,True,True,561.6508212954992,47.153484375,156.99287033081055,140.1745147705078,173.7982635498047,-34.9932746887207,157.23870266014558,22.76129733985442,30.841222763061523,266348105.5999896,23.007129669189453
1717,True,False,564.7986832981607,937.637875,160.19577980041504,135.76438903808594,161.4490509033203,-34.98579406738281,160.50803201800622,19.49196798199377,31.03790855407715,266348291.21385145,19.80422019958496
1718,True,True,565.8071359570401,18.731345703125,157.00897216796875,92.18341827392578,162.0477294921875,-35.00065612792969,157.3425027366623,22.657497263337703,46.360755920410156,266348329.6829028,22.99102783203125
1719,True,False,570.8832403193609,12.0645546875,121.69406509399414,168.8690643310547,8.276834487915039,-34.99534225463867,122.13470146473266,57.86529853526734,27.29950714111328,266348730.92833057,58.30593490600586
1720,True,True,569.6630176134759,25.31649609375,109.54505157470703,212.1017608642578,237.20199584960938,-34.99643325805664,109.95994124635138,70.04005875364862,45.791996002197266,266349257.86926386,70.45494842529297
1721,True,True,557.6924899116968,14.28859375,142.71314239501953,217.3372039794922,157.31512451171875,-35.0001220703125,142.87545393215635,37.12454606784367,33.33780288696289,266349866.65869468,37.28685760498047
1722,True,False,541.9597203808152,37.7704921875,90.42102813720703,185.01197814941406,172.80206298828125,-35.00177764892578,90.25137823724224,89.74862176275776,58.53865432739258,266351074.7592542,89.57897186279297
1723,True,True,542.7850629429112,11.2075703125,130.53644943237305,142.8218536376953,231.9673309326172,-34.988895416259766,130.38421426046847,49.615785739531525,20.130878448486328,266351321.22660515,49.46355056762695
1724,True,True,542.9534633403654,10.66934765625,123.36370849609375,128.6824951171875,240.4886932373047,-34.991336822509766,123.21502657257545,56.78497342742454,33.00659942626953,266351347.69720182,56.63629150390625
1725,True,True,545.5792391531659,11.0869833984375,96.34749603271484,162.53501892089844,157.56671142578125,-34.99556350708008,96.25421797884664,83.74578202115336,49.70927810668945,266351732.1412767,83.65250396728516
1726,True,False,545.7690751651681,13.157279296875,121.03647232055664,268.15240478515625,29.386768341064453,-34.995182037353516,120.94719980654169,59.05280019345831,66.5926284790039,266351743.7452774,58.96352767944336
1727,True,True,547.3310281913184,10.030724609375,109.84867858886719,184.8289794921875,120.22664642333984,-35.002662658691406,109.792363283704,70.207636716296,35.241519927978516,266352124.263221,70.15132141113281
1728,True,True,549.3113378956429,14.999333984375,106.77496337890625,245.0998992919922,30.02765655517578,-34.99838638305664,106.76043260850432,73.23956739149568,49.91626739501953,266352891.94510293,73.22503662109375
1729,True,True,549.9413413976143,24.843859375,148.21884155273438,218.31759643554688,68.88172149658203,-21.272165298461914,148.21760385622403,31.782396143775962,20.490800857543945,266352998.91360235,31.781158447265625
1730,True,True,551.2922039698625,25.889365234375,135.24103927612305,28.228721618652344,277.0491027832031,28.807748794555664,135.26830477988716,44.731695220112854,14.779542922973633,266353128.53979462,44.75896072387695
1731,True,True,555.5408303802162,21.478537109375,158.56900215148926,109.15054321289062,159.1338653564453,35.00471878051758,158.68591367251182,21.31408632748818,38.32548141479492,266353481.30615106,21.430997848510742
1732,True,True,565.3171258885246,23.143427734375,168.84978485107422,269.9607849121094,147.94789123535156,35.0058708190918,169.17297620732208,10.827023792677911,39.96084213256836,266354027.24869856,11.150215148925781
1733,True,True,569.401648443437,10.98266796875,150.59461784362793,137.6799774169922,220.95469665527344,34.99843978881836,151.00399262578446,28.996007374215548,56.326419830322266,266354300.4534724,29.40538215637207
1734,True,True,570.7018137234725,18.389775390625,164.85820198059082,295.6153259277344,176.66966247558594,35.0077018737793,165.29501025015608,14.70498974984391,33.851348876953125,266354424.16328117,15.14179801940918
1735,True,True,570.1619222407373,11.464201171875,109.4397964477539,0.7663984298706055,50.367347717285156,34.99912643432617,109.86521300703346,70.13478699296654,35.91033172607422,266354961.8386,70.5602035522461
1736,True,True,570.1619222407373,10.278759765625,136.98151016235352,319.8955383300781,144.66845703125,34.99912643432617,137.40692672163306,42.59307327836693,22.743547439575195,266354969.24282926,43.018489837646484
1737,True,True,565.8333642706137,10.215658203125,122.35211563110352,300.7323303222656,147.03335571289062,35.00012969970703,122.68619961721348,57.31380038278653,39.470970153808594,266355224.16250223,57.647884368896484
1738,True,True,551.8368581877136,27.923298828125,160.3223056793213,26.488895416259766,311.5049743652344,35.00581741333008,160.36106338708205,19.638936612917956,26.527753829956055,266355854.6358058,19.67769432067871
1739,True,True,545.1502722032002,21.749482421875,130.34872817993164,60.64078903198242,359.6758117675781,35.001129150390625,130.24639892341918,49.753601076580836,55.96566390991211,266356259.24676785,49.65127182006836
1740,True,True,541.9854761040191,10.667087890625,103.52943420410156,314.3511047363281,185.2899932861328,34.993263244628906,103.36032774989637,76.63967225010363,45.74098205566406,266356790.60059595,76.47056579589844
1741,True,True,542.61465766986,36.4079921875,166.05641555786133,81.83109283447266,18.311758041381836,34.99747085571289,165.90058483469537,14.099415165304626,39.20854949951172,266357019.66162643,13.943584442138672
1742,True,False,544.2856720709874,10.886771484375,116.59542083740234,319.7490539550781,254.90249633789062,35.00569534301758,116.47484851810017,63.52515148189982,35.722110748291016,266357276.44263673,63.404579162597656
1743,True,True,545.299585718286,39.9741171875,98.2736587524414,342.4484558105469,235.51539611816406,35.00263595581055,98.17448001109724,81.82551998890276,47.60751724243164,266357432.27996606,81.7263412475586
1744,True,True,546.9379953707383,13.1244912109375,92.06063842773438,28.253276824951172,213.38290405273438,34.99464797973633,91.99603013005695,88.00396986994305,56.47211456298828,266357769.1153087,87.93936157226562
1745,True,True,547.4032015863809,10.2203896484375,83.45219421386719,3.896705150604248,258.54010009765625,34.99805450439453,83.39740176733983,96.60259823266017,61.69691848754883,266357960.29178554,96.54780578613281
1746,True,True,547.8446347965063,10.7043955078125,114.8957290649414,304.2529296875,358.01507568359375,35.000732421875,114.85025085914769,65.14974914085231,60.55338668823242,266358305.49265423,65.1042709350586
1747,True,True,548.1594905533683,11.2042314453125,143.10907363891602,143.87841796875,124.7309341430664,35.00178909301758,143.07023888959208,36.92976111040792,62.38999938964844,266358430.19381306,36.890926361083984
1748,True,True,555.4550953198562,19.586908203125,135.8081283569336,148.33876037597656,162.52023315429688,-35.00114440917969,135.92323086818254,44.07676913181744,36.46458053588867,266359193.82415682,44.191871643066406
1749,True,True,557.3818453074381,27.91554296875,135.1227912902832,127.88585662841797,167.7778778076172,-35.00040054321289,135.27854822627015,44.721451773729854,47.81403350830078,266359312.2530542,44.8772087097168
1750,True,True,561.0443304271982,17.196828125,139.48112869262695,158.29037475585938,138.62498474121094,-34.997806549072266,139.71416406464084,40.28583593535917,27.428415298461914,266359514.60600045,40.51887130737305
1751,True,False,562.1247108748013,11.265107421875,139.58355712890625,128.54713439941406,150.54905700683594,-34.997962951660156,139.83938852836457,40.16061147163544,43.22064971923828,266359580.30732012,40.41644287109375
1752,True,True,564.7990790148954,24.8820546875,119.83801651000977,208.8037872314453,3.459193706512451,-34.99870681762695,120.15027707722406,59.84972292277594,25.95519256591797,266359726.3345837,60.161983489990234
1753,True,True,566.3314777190611,23.187623046875,167.0242338180542,171.46580505371094,176.33203125,-34.99956130981445,167.3688279979264,12.631172002073612,24.03363609313965,266359824.62681526,12.9757661819458
1754,True,True,566.3314777190611,14.079818359375,108.6618881225586,210.14129638671875,348.95623779296875,-34.99956130981445,109.00648230243078,70.99351769756922,37.542579650878906,266359841.36445436,71.3381118774414
1755,True,True,566.8234017709909,11.144505859375,129.56752014160156,175.0267333984375,59.09062576293945,-34.998863220214844,129.92249391896948,50.07750608103053,21.333898544311523,266359863.3207804,50.43247985839844
1756,True,True,568.6486106781165,19.71176171875,160.71404647827148,196.5576171875,174.44142150878906,-35.00141143798828,161.10753216357975,18.89246783642026,15.790875434875488,266359985.73251867,19.285953521728516
1757,True,True,570.7734483794716,31.090412109375,145.01777267456055,130.1907196044922,87.3661117553711,-35.00556564331055,145.4560924353674,34.543907564632605,33.105377197265625,266360166.6425118,34.98222732543945
1758,True,True,570.9030506599263,45.84859765625,125.10393524169922,220.17425537109375,222.88284301757812,-34.99470520019531,125.54498961062367,54.45501038937633,35.9808235168457,266360624.35415393,54.89606475830078
1759,True,False,567.0963135674076,13.2186435546875,129.2291030883789,97.92623138427734,25.694467544555664,-35.00048065185547,129.58983530465122,50.41016469534879,48.02384567260742,266360914.7669033,50.770896911621094
1760,True,True,565.3523112276129,11.58078515625,114.52073669433594,242.03829956054688,186.80979919433594,-35.00025939941406,114.84467046123856,65.15532953876144,62.293983459472656,266361001.75978932,65.47926330566406
1761,True,False,562.7912837383808,25.692572265625,131.02765274047852,231.87103271484375,173.48326110839844,-34.99896240234375,131.29754882735836,48.70245117264165,46.08818435668945,266361128.8336952,48.972347259521484
1762,True,True,557.9788462832466,375.288,153.1672592163086,186.67347717285156,137.14779663085938,-35.000362396240234,153.3356128728851,26.664387127114903,16.123437881469727,266361325.21488994,26.832740783691406
1763,True,False,557.2826269368974,71.8607109375,152.1172637939453,78.56036376953125,41.70264434814453,-35.000152587890625,152.27092722231384,27.729072777686152,39.74987030029297,266361351.08621278,27.882736206054688
1764,True,True,542.2363195169772,22.7682578125,137.5358543395996,93.12757873535156,302.9775695800781,-35.00636672973633,137.37204068140784,42.62795931859217,41.509117126464844,266362650.06703603,42.46414566040039
1765,True,False,543.425415697418,12.7828720703125,94.89846801757812,156.51373291015625,182.3699493408203,-35.002899169921875,94.75974428879364,85.24025571120636,50.80320358276367,266362891.16514656,85.10153198242188
1766,True,True,546.4870857863511,16.0409091796875,151.81342124938965,66.43763732910156,275.2720031738281,-34.99573516845703,151.73929875948164,28.260701240518344,52.42820739746094,266363397.44055304,28.18657875061035
1767,True,False,548.1004148275475,11.1344990234375,80.33767700195312,171.92611694335938,124.21338653564453,-35.00090789794922,80.29759575481438,99.70240424518562,68.9679183959961,266364162.56754613,99.66232299804688
1768,True,True,548.8160073217015,27.89124609375,98.24725341796875,168.089111328125,131.81414794921875,-35.00178909301758,98.22227117245666,81.77772882754334,54.33995056152344,266364336.07248348,81.75274658203125
1769,True,True,571.9266579109471,25.22761328125,156.3730068206787,170.02378845214844,223.54393005371094,34.9998893737793,156.8356593025997,23.164340697400306,58.062774658203125,266366045.56393614,23.62699317932129
1770,True,True,572.032808068223,23.130630859375,110.46338653564453,2.7321062088012695,44.393043518066406,35.00384521484375,110.92827878588403,69.07172121411597,34.56758499145508,266366198.83899572,69.53661346435547
1771,True,True,571.940479033304,24.04059375,145.79870986938477,240.50790405273438,193.86907958984375,35.001373291015625,146.26165397698747,33.73834602301252,58.8636589050293,266366218.78353697,34.201290130615234
1772,True,True,567.0327201935979,12.0890478515625,129.66190338134766,277.7269287109375,172.98797607421875,35.00163269042969,130.02129377743256,49.978706222567425,47.66189956665039,266366660.1992866,50.338096618652344
1773,True,True,552.4518318928174,38.82543359375,106.69669342041016,334.7337341308594,97.4957504272461,35.00254440307617,106.74842707334861,73.25157292665139,38.36514663696289,266367301.60419327,73.30330657958984
1774,True,True,544.0926257125519,170.76321875,121.80568313598633,331.8050537109375,123.553466796875,35.00104522705078,121.68103753852117,58.318962461478826,23.341238021850586,266367809.66233283,58.19431686401367
1775,True,True,543.0827546370442,16.722794921875,122.29839324951172,71.23493194580078,77.59606170654297,34.99911880493164,122.15243937235334,57.84756062764665,61.87872314453125,266368563.95767072,57.70160675048828
1776,True,True,543.0827546370442,13.363017578125,159.85191917419434,276.4666748046875,329.9429931640625,34.99911880493164,159.70596529703596,20.29403470296403,32.87362289428711,266368578.21535072,20.148080825805664
1777,True,True,543.6192277846903,13.757716796875,175.3209948539734,264.9954833984375,6.71416711807251,35.00920104980469,175.18636056023036,4.813639439769645,34.63603210449219,266368653.16289312,4.679005146026611
1778,True,True,544.9386834137621,13.6063134765625,148.407958984375,47.72700119018555,98.5857925415039,35.00594711303711,148.30116520440538,31.69883479559462,29.084484100341797,266368880.52937296,31.592041015625
1779,True,True,545.9953405028535,12.709927734375,126.99534606933594,353.0611572265625,244.46524047851562,34.998958587646484,126.91084775394614,53.08915224605385,18.371826171875,266369044.43488562,53.00465393066406
1780,True,False,546.6040251582216,18.406640625,106.31818389892578,338.7049865722656,274.2576599121094,35.00309753417969,106.24652882976426,73.75347117023574,42.82241439819336,266369181.8644184,73.68181610107422
1781,True,True,547.4903124965057,15.0878642578125,105.67869567871094,345.0577392578125,309.2169494628906,34.999755859375,105.6257412723872,74.3742587276128,46.456153869628906,266369735.5838263,74.32130432128906
1782,True,False,547.9846596479372,11.9363359375,154.6224536895752,9.292253494262695,64.84891510009766,35.00004196166992,154.57993000814668,25.42006999185333,11.139159202575684,266369902.82480094,25.377546310424805
1783,True,False,548.9131901393291,10.3405849609375,152.5554141998291,82.87287139892578,148.7676544189453,35.00113296508789,152.53248251176893,27.467517488231053,30.64586067199707,266370104.43572333,27.4445858001709
1784,True,False,550.387811368661,10.06434375,111.30284881591797,165.37405395507812,131.5150909423828,-4.6430158615112305,111.31103163579671,68.68896836420329,58.96702575683594,266370287.14829898,68.69715118408203
